4336.052113524  1.510039E-13
4336.97859867809  2.057361E-13
4337.90508383217  5.622080E-13
4338.83156898625  1.129881E-12
4339.75805414033  2.060970E-12
4340.68453929442  2.803172E-12
4341.6110244485  2.613814E-12
4342.53750960258  1.597763E-12
4343.46399475666  4.048971E-13
4344.39047991075  4.043017E-14
4345.31696506483  4.700280E-14
4346.24345021891  1.380968E-13
4347.16993537299  1.202252E-13
4348.09642052708  -1.923276E-14
4349.02290568116  1.503569E-13
4349.94939083524  1.779287E-13
4350.87587598932  1.009650E-13
4351.8023611434  2.028143E-14
4352.72884629749  6.525551E-14
4353.65533145157  1.494455E-14
4354.58181660565  4.269355E-14
4355.50830175973  1.014029E-13
4356.43478691382  1.602395E-13
4357.3612720679  1.423111E-13
4358.28775722198  3.125276E-15
4359.21424237606  2.280345E-13
4360.14072753015  2.602612E-13
4361.06721268423  2.271012E-13
4361.99369783831  6.307823E-13
4362.92018299239  8.851715E-13
4363.84666814648  7.304609E-13
4364.77315330056  5.715893E-13
4365.69963845464  1.654807E-13
4366.62612360872  7.462873E-14
4367.5526087628  1.295598E-14
4368.47909391689  9.831104E-14
4369.40557907097  5.421855E-14
4370.33206422505  6.665561E-15
4371.25854937913  1.435474E-14
4372.18503453322  -6.130522E-14
4373.1115196873  -2.721847E-14
4374.03800484138  -6.574826E-14
4374.96448999546  2.235576E-15
4375.89097514954  1.718172E-13
4376.81746030363  3.488992E-14
4377.74394545771  1.627825E-13
4378.67043061179  5.125770E-14
4379.59691576588  -3.836950E-14
4380.52340091996  2.058047E-14
4381.44988607404  -1.006216E-14
4382.37637122812  1.015543E-13
4383.3028563822  3.980548E-14
4384.22934153629  1.010966E-13
4385.15582669037  1.056326E-13
4386.08231184445  4.671715E-14
4387.00879699853  1.171338E-13
4387.93528215262  3.974761E-14
4388.8617673067  -4.638966E-15
4389.78825246078  1.825913E-15
4390.71473761486  -4.821655E-14
4391.64122276895  2.213207E-14
4392.56770792303  1.594484E-13
4393.49419307711  7.615354E-14
4394.42067823119  7.285377E-14
4395.34716338527  4.888359E-14
4396.27364853936  7.115863E-14
4397.20013369344  8.637262E-14
4398.12661884752  6.015448E-15
4399.0531040016  5.840397E-14
4399.97958915569  7.141021E-14
4400.90607430977  9.283667E-15
4401.83255946385  -7.255925E-14
4402.75904461793  -2.719618E-14
4403.68552977202  -6.198325E-14
4404.6120149261  3.833902E-14
4405.53850008018  -8.236640E-15
4406.46498523426  -4.443214E-14
4407.39147038835  1.235400E-13
4408.31795554243  6.443123E-14
4409.24444069651  7.482969E-15
4410.17092585059  4.651477E-14
4411.09741100467  2.003234E-14
4412.02389615876  -3.949023E-15
4412.95038131284  7.690016E-14
4413.87686646692  8.430773E-14
4414.803351621  -2.283100E-15
4415.72983677509  1.846102E-14
4416.65632192917  1.082439E-13
4417.58280708325  9.112030E-14
4418.50929223733  6.079659E-14
4419.43577739141  1.247568E-13
4420.3622625455  5.240768E-14
4421.28874769958  5.686420E-14
4422.21523285366  3.074742E-15
4423.14171800774  -1.157431E-13
4424.06820316183  -1.239466E-14
4424.99468831591  1.113806E-13
4425.92117346999  -4.077523E-14
4426.84765862407  -9.575577E-14
4427.77414377816  -1.048941E-14
4428.70062893224  -2.863229E-13
4429.62711408632  -8.522896E-13
4430.5535992404  -5.427709E-13
4431.48008439449  -1.416004E-14
4432.40656954857  7.957727E-14
4433.33305470265  1.698704E-14
4434.25953985673  -8.994379E-14
4435.18602501081  8.865415E-14
4436.1125101649  1.699850E-13
4437.03899531898  1.599665E-13
4437.96548047306  1.288921E-13
4438.89196562714  -8.473940E-15
4439.81845078123  -8.382251E-14
4440.74493593531  3.964609E-14
4441.67142108939  4.709960E-14
4442.59790624347  7.717307E-14
4443.52439139756  6.552629E-14
4444.45087655164  7.604599E-14
4445.37736170572  -4.795931E-14
4446.3038468598  3.979641E-14
4447.23033201389  -2.572481E-14
4448.15681716797  -5.246526E-15
4449.08330232205  2.275104E-14
4450.00978747613  3.579305E-14
4450.93627263022  2.661024E-14
4451.8627577843  1.562720E-14
4452.78924293838  6.068782E-14
4453.71572809246  3.556307E-14
4454.64221324654  1.799229E-14
4455.56869840063  6.642495E-14
4456.49518355471  -5.557973E-14
4457.42166870879  6.782652E-14
4458.34815386287  1.179380E-13
4459.27463901696  1.899395E-14
4460.20112417104  5.273645E-14
4461.12760932512  8.806698E-14
4462.0540944792  -3.400672E-15
4462.98057963329  1.670222E-14
4463.90706478737  2.916533E-14
4464.83354994145  2.935942E-14
4465.76003509553  7.518082E-15
4466.68652024962  6.129418E-14
4467.6130054037  1.127359E-13
4468.53949055778  6.015892E-14
4469.46597571186  5.805020E-14
4470.39246086595  1.083919E-13
4471.31894602003  1.752917E-13
4472.24543117411  3.969842E-14
4473.17191632819  3.510699E-14
4474.09840148227  4.349197E-15
4475.02488663636  1.960705E-14
4475.95137179044  9.552754E-14
4476.87785694452  8.194961E-14
4477.8043420986  -2.887321E-14
4478.73082725269  -3.819969E-14
4479.65731240677  4.633711E-14
4480.58379756085  -3.086331E-14
4481.51028271493  7.103210E-14
4482.43676786901  3.460089E-14
4483.3632530231  -3.282058E-15
4484.28973817718  7.590308E-14
4485.21622333126  1.034285E-13
4486.14270848534  4.726550E-14
4487.06919363943  7.989397E-14
4487.99567879351  3.955713E-14
4488.92216394759  -7.788118E-14
4489.84864910167  1.402995E-14
4490.77513425576  -7.445578E-15
4491.70161940984  3.507929E-14
4492.62810456392  1.462221E-15
4493.554589718  1.519646E-14
4494.48107487208  6.163935E-14
4495.40756002617  9.151934E-14
4496.33404518025  2.787163E-14
4497.26053033433  2.363982E-14
4498.18701548841  -4.860004E-14
4499.1135006425  -1.856055E-13
4500.03998579658  -1.403920E-13
4500.96647095066  2.491583E-14
4501.89295610474  6.548076E-14
4502.81944125883  3.257037E-14
4503.74592641291  7.329506E-14
4504.67241156699  1.027414E-13
4505.59889672107  2.520006E-14
4506.52538187516  5.371619E-14
4507.45186702924  9.908257E-14
4508.37835218332  1.198526E-13
4509.3048373374  1.297364E-13
4510.23132249149  6.191772E-14
4511.15780764557  1.993510E-14
4512.08429279965  -5.655633E-14
4513.01077795373  1.481730E-14
4513.93726310781  -9.186060E-15
4514.8637482619  -9.649870E-15
4515.79023341598  7.109271E-14
4516.71671857006  -2.292456E-16
4517.64320372414  -2.579266E-14
4518.56968887823  4.505628E-14
4519.49617403231  -9.338014E-15
4520.42265918639  -1.188980E-14
4521.34914434047  -3.762311E-14
4522.27562949456  -3.338639E-14
4523.20211464864  -1.866355E-13
4524.12859980272  -2.146878E-13
4525.0550849568  -1.890988E-13
4525.98157011088  -2.639737E-13
4526.90805526497  -7.078125E-14
4527.83454041905  5.905698E-14
4528.76102557313  -2.516639E-15
4529.68751072721  7.294829E-14
4530.6139958813  3.279038E-14
4531.54048103538  -3.416430E-14
4532.46696618946  1.077306E-15
4533.39345134354  -6.297874E-15
4534.31993649763  7.772645E-14
4535.24642165171  6.177267E-14
4536.17290680579  6.889563E-14
4537.09939195987  8.381489E-14
4538.02587711395  6.968129E-14
4538.95236226804  1.181927E-13
4539.87884742212  1.758292E-13
4540.8053325762  6.532803E-14
4541.73181773028  1.272213E-13
4542.65830288437  2.419539E-14
4543.58478803845  9.720736E-14
4544.51127319253  4.832083E-14
4545.43775834661  -6.411264E-14
4546.3642435007  -8.767965E-15
4547.29072865478  7.907009E-15
4548.21721380886  4.819683E-14
4549.14369896294  3.443077E-14
4550.07018411703  5.645031E-14
4550.99666927111  1.146662E-13
4551.92315442519  -1.653314E-14
4552.84963957927  4.794828E-15
4553.77612473336  -4.787240E-15
4554.70260988744  5.203784E-14
4555.62909504152  7.913400E-14
4556.5555801956  9.096655E-14
4557.48206534968  -9.260778E-15
4558.40855050377  -1.023630E-15
4559.33503565785  -6.070074E-14
4560.26152081193  -2.433461E-14
4561.18800596601  6.520922E-14
4562.1144911201  4.658447E-14
4563.04097627418  4.263107E-14
4563.96746142826  4.630004E-14
4564.89394658234  2.310266E-14
4565.82043173643  1.311696E-14
4566.74691689051  1.016155E-14
4567.67340204459  2.487405E-14
4568.59988719867  9.004335E-14
4569.52637235276  1.309011E-14
4570.45285750684  5.183259E-15
4571.37934266092  2.358414E-14
4572.305827815  -5.550782E-14
4573.23231296908  6.108369E-14
4574.15879812317  -1.081315E-15
4575.08528327725  1.683172E-14
4576.01176843133  7.762538E-14
4576.93825358541  4.718101E-14
4577.8647387395  5.523469E-14
4578.79122389358  5.395443E-14
4579.71770904766  3.581734E-15
4580.64419420174  5.315449E-14
4581.57067935583  4.221084E-14
4582.49716450991  2.438017E-14
4583.42364966399  4.337748E-14
4584.35013481807  4.460921E-14
4585.27661997215  6.113701E-15
4586.20310512624  1.658634E-14
4587.12959028032  2.631038E-14
4588.0560754344  1.215035E-14
4588.98256058848  1.121396E-13
4589.90904574257  2.771936E-14
4590.83553089665  5.609379E-14
4591.76201605073  -2.332962E-14
4592.68850120481  2.470860E-15
4593.6149863589  5.486910E-14
4594.54147151298  1.184121E-14
4595.46795666706  2.745071E-14
4596.39444182114  2.646751E-14
4597.32092697522  1.616235E-14
4598.24741212931  4.710713E-15
4599.17389728339  -8.177950E-14
4600.10038243747  -5.287513E-15
4601.02686759155  5.984945E-14
4601.95335274564  -1.710021E-14
4602.87983789972  -3.295498E-14
4603.8063230538  7.458388E-14
4604.73280820788  1.810887E-14
4605.65929336197  5.924968E-14
4606.58577851605  9.143906E-14
4607.51226367013  1.916026E-14
4608.43874882421  -4.054906E-15
4609.3652339783  2.786733E-14
4610.29171913238  7.773466E-14
4611.21820428646  6.650116E-14
4612.14468944054  1.374225E-14
4613.07117459463  9.789256E-15
4613.99765974871  4.567164E-15
4614.92414490279  -1.322585E-14
4615.85063005687  2.640831E-14
4616.77711521095  4.314771E-14
4617.70360036504  -2.112104E-14
4618.63008551912  3.706140E-14
4619.5565706732  7.161589E-14
4620.48305582728  6.037488E-14
4621.40954098137  3.050903E-14
4622.33602613545  7.352786E-15
4623.26251128953  -3.452907E-14
4624.18899644361  -2.966557E-14
4625.1154815977  5.128019E-14
4626.04196675178  4.724427E-14
4626.96845190586  7.620204E-14
4627.89493705994  1.260032E-14
4628.82142221403  1.171864E-14
4629.74790736811  -2.644941E-15
4630.67439252219  9.195129E-14
4631.60087767627  1.442711E-13
4632.52736283035  1.181884E-13
4633.45384798444  5.113579E-14
4634.38033313852  -2.202530E-14
4635.3068182926  5.090363E-14
4636.23330344668  -1.809537E-14
4637.15978860077  1.726677E-14
4638.08627375485  6.618937E-14
4639.01275890893  1.033164E-13
4639.93924406301  1.306840E-13
4640.86572921709  4.863564E-14
4641.79221437118  3.152867E-14
4642.71869952526  1.124499E-14
4643.64518467934  -1.587970E-14
4644.57166983342  5.195631E-15
4645.49815498751  -2.382171E-14
4646.42464014159  3.116896E-14
4647.35112529567  3.993223E-14
4648.27761044975  8.147302E-14
4649.20409560384  6.111343E-14
4650.13058075792  4.249960E-14
4651.057065912  6.866866E-14
4651.98355106608  7.515679E-14
4652.91003622017  2.521018E-14
4653.83652137425  7.038434E-14
4654.76300652833  7.481292E-14
4655.68949168241  -1.345688E-15
4656.6159768365  7.834675E-14
4657.54246199058  9.346990E-14
4658.46894714466  9.757064E-14
4659.39543229874  5.648585E-14
4660.32191745282  8.678474E-14
4661.24840260691  3.879611E-14
4662.17488776099  4.329838E-15
4663.10137291507  -2.766798E-14
4664.02785806915  9.463276E-14
4664.95434322324  6.941320E-14
4665.88082837732  8.243562E-14
4666.8073135314  -3.332820E-14
4667.73379868548  -2.637173E-14
4668.66028383957  -4.146994E-14
4669.58676899365  -8.479887E-14
4670.51325414773  -1.467988E-15
4671.43973930181  5.557888E-15
4672.36622445589  3.731315E-14
4673.29270960998  1.190455E-14
4674.21919476406  -6.654206E-15
4675.14567991814  7.730872E-14
4676.07216507223  -8.483858E-15
4676.99865022631  6.826659E-14
4677.92513538039  1.128330E-13
4678.85162053447  9.726460E-14
4679.77810568855  -3.285022E-15
4680.70459084264  8.535698E-14
4681.63107599672  2.415323E-13
4682.5575611508  1.223865E-12
4683.48404630488  2.626565E-12
4684.41053145896  3.352516E-12
4685.33701661305  2.639853E-12
4686.26350176713  1.207754E-12
4687.18998692121  2.435167E-13
4688.1164720753  1.595265E-14
4689.04295722938  4.230352E-15
4689.96944238346  4.388930E-14
4690.89592753754  4.112833E-14
4691.82241269162  2.999797E-15
4692.74889784571  3.218776E-15
4693.67538299979  -4.091329E-14
4694.60186815387  1.079576E-13
4695.52835330795  6.500004E-14
4696.45483846204  9.125520E-15
4697.38132361612  7.106902E-15
4698.3078087702  4.507407E-14
4699.23429392428  -1.931022E-14
4700.16077907837  -3.559297E-14
4701.08726423245  -1.013504E-14
4702.01374938653  -2.377803E-14
4702.94023454061  -1.437232E-14
4703.86671969469  3.047020E-14
4704.79320484878  5.748866E-14
4705.71969000286  7.561190E-15
4706.64617515694  -2.453212E-14
4707.57266031102  5.713571E-14
4708.49914546511  2.221756E-13
4709.42563061919  3.863727E-13
4710.35211577327  3.817849E-13
4711.27860092735  3.439364E-13
4712.20508608144  2.031700E-13
4713.13157123552  7.592466E-14
4714.0580563896  1.862157E-14
4714.98454154368  5.079334E-14
4715.91102669776  3.847316E-14
4716.83751185185  4.345417E-14
4717.76399700593  3.688384E-14
4718.69048216001  4.964049E-14
4719.61696731409  2.555725E-14
4720.54345246818  1.749467E-14
4721.46993762226  1.152545E-13
4722.39642277634  2.027184E-13
4723.32290793042  1.796896E-13
4724.24939308451  1.807420E-13
4725.17587823859  1.300420E-13
4726.10236339267  1.001513E-13
4727.02884854675  5.924461E-14
4727.95533370084  -1.042576E-14
4728.88181885492  4.204295E-14
4729.808304009  -3.231051E-14
4730.73478916308  -2.275835E-13
4731.66127431716  -1.739875E-13
4732.58775947125  -2.947000E-14
4733.51424462533  -4.039648E-14
4734.44072977941  7.949934E-15
4735.36721493349  3.174993E-14
4736.29370008758  7.132511E-15
4737.22018524166  1.300066E-13
4738.14667039574  2.747802E-13
4739.07315554982  4.059225E-13
4739.99964070391  3.575924E-13
4740.92612585799  1.818881E-13
4741.85261101207  9.591274E-14
4742.77909616615  2.684507E-14
4743.70558132024  9.153831E-15
4744.63206647432  -4.183840E-15
4745.5585516284  -9.790070E-15
4746.48503678248  -5.300407E-15
4747.41152193657  -3.277336E-14
4748.33800709065  -4.282672E-14
4749.26449224473  -5.664261E-15
4750.19097739881  2.458059E-14
4751.11746255289  -8.366675E-15
4752.04394770698  2.130944E-14
4752.97043286106  3.106460E-14
4753.89691801514  5.404966E-14
4754.82340316922  6.143137E-14
4755.74988832331  5.475105E-14
4756.67637347739  6.558653E-14
4757.60285863147  3.932747E-15
4758.52934378555  1.902843E-14
4759.45582893963  -4.889493E-15
4760.38231409372  4.231682E-15
4761.3087992478  1.806203E-14
4762.23528440188  7.592403E-14
4763.16176955596  6.676620E-15
4764.08825471005  -1.116327E-14
4765.01473986413  -8.636811E-15
4765.94122501821  1.940502E-14
4766.86771017229  1.483462E-15
4767.79419532638  8.122778E-15
4768.72068048046  1.404180E-14
4769.64716563454  5.226176E-14
4770.57365078862  1.124256E-14
4771.5001359427  -3.937271E-14
4772.42662109679  4.084363E-14
4773.35310625087  1.805484E-14
4774.27959140495  -3.712204E-14
4775.20607655904  -6.855763E-16
4776.13256171312  -9.794371E-15
4777.0590468672  5.700989E-14
4777.98553202128  -2.704231E-15
4778.91201717536  3.277640E-14
4779.83850232945  4.889681E-14
4780.76498748353  6.078056E-14
4781.69147263761  3.006396E-14
4782.61795779169  3.175880E-14
4783.54444294578  5.071745E-14
4784.47092809986  3.914113E-14
4785.39741325394  4.021083E-14
4786.32389840802  1.949957E-14
4787.25038356211  5.139244E-14
4788.17686871619  3.719186E-14
4789.10335387027  8.130843E-14
4790.02983902435  -1.254522E-14
4790.95632417843  8.296175E-15
4791.88280933252  7.391154E-14
4792.8092944866  2.333756E-14
4793.73577964068  -6.529649E-15
4794.66226479476  -7.822146E-15
4795.58874994885  4.748935E-15
4796.51523510293  3.759272E-14
4797.44172025701  3.514001E-14
4798.36820541109  -6.910289E-14
4799.29469056518  -3.198203E-14
4800.22117571926  3.598790E-14
4801.14766087334  2.104204E-14
4802.07414602742  1.324032E-14
4803.00063118151  2.529154E-14
4803.92711633559  -1.426057E-14
4804.85360148967  2.062036E-14
4805.78008664375  4.838531E-14
4806.70657179783  5.231377E-14
4807.63305695192  1.602875E-14
4808.559542106  -1.665897E-14
4809.48602726008  -5.639071E-15
4810.41251241416  2.569283E-15
4811.33899756825  9.245259E-15
4812.26548272233  -7.063222E-15
4813.19196787641  2.767666E-14
4814.11845303049  5.612926E-14
4815.04493818458  4.021938E-14
4815.97142333866  6.440041E-14
4816.89790849274  4.969931E-14
4817.82439364682  -4.587376E-15
4818.75087880091  5.182635E-15
4819.67736395499  4.700775E-14
4820.60384910907  -1.358549E-15
4821.53033426315  -2.105954E-14
4822.45681941723  3.544970E-14
4823.38330457132  5.097101E-14
4824.3097897254  6.719220E-14
4825.23627487948  -1.084891E-14
4826.16276003356  1.541833E-15
4827.08924518765  4.403177E-14
4828.01573034173  -1.514464E-14
4828.94221549581  4.418916E-14
4829.86870064989  1.810880E-14
4830.79518580398  4.946833E-14
4831.72167095806  5.328899E-14
4832.64815611214  -3.138580E-15
4833.57464126622  3.485212E-15
4834.50112642031  1.802691E-14
4835.42761157439  4.909706E-15
4836.35409672847  5.681463E-14
4837.28058188255  6.890564E-14
4838.20706703663  -3.189607E-14
4839.13355219072  -7.921045E-15
4840.0600373448  5.468155E-14
4840.98652249888  3.756112E-14
4841.91300765296  -6.942289E-15
4842.83949280705  3.991725E-14
4843.76597796113  5.330312E-14
4844.69246311521  2.261230E-14
4845.61894826929  2.325335E-14
4846.54543342338  7.255092E-15
4847.47191857746  7.785238E-14
4848.39840373154  3.113507E-14
4849.32488888562  -1.040326E-14
4850.25137403971  -2.148128E-15
4851.17785919379  -2.340378E-14
4852.10434434787  9.743536E-15
4853.03082950195  2.922594E-14
4853.95731465603  6.018910E-14
4854.88379981012  5.484920E-14
4855.8102849642  3.445827E-14
4856.73677011828  5.155265E-14
4857.66325527236  8.621088E-14
4858.58974042645  7.095835E-13
4859.51622558053  3.026003E-12
4860.44271073461  5.248279E-12
4861.36919588869  5.525471E-12
4862.29568104277  3.586533E-12
4863.22216619686  1.266171E-12
4864.14865135094  2.727897E-13
4865.07513650502  1.141799E-13
4866.0016216591  3.656152E-14
4866.92810681319  4.960664E-14
4867.85459196727  6.119493E-14
4868.78107712135  -2.265539E-14
4869.70756227543  -2.036543E-14
4870.63404742951  2.268700E-14
4871.5605325836  4.801409E-14
4872.48701773768  7.502867E-14
4873.41350289176  4.339519E-14
4874.33998804584  4.492627E-15
4875.26647319993  4.145781E-15
4876.19295835401  3.166239E-14
4877.11944350809  2.552074E-14
4878.04592866218  2.619438E-14
4878.97241381626  3.848972E-14
4879.89889897034  -1.376831E-14
4880.82538412442  -1.865090E-15
4881.7518692785  4.352575E-14
4882.67835443259  5.079454E-14
4883.60483958667  4.685497E-14
4884.53132474075  2.222587E-14
4885.45780989483  2.278675E-15
4886.38429504892  4.006255E-14
4887.310780203  3.278376E-14
4888.23726535708  7.284235E-15
4889.16375051116  6.430320E-15
4890.09023566525  -1.646989E-14
4891.01672081933  2.877183E-14
4891.94320597341  2.825764E-14
4892.86969112749  8.106895E-14
4893.79617628157  7.674006E-14
4894.72266143566  -6.960270E-14
4895.64914658974  -4.564639E-14
4896.57563174382  3.421483E-14
4897.5021168979  2.413796E-15
4898.42860205199  1.647445E-14
4899.35508720607  2.136584E-14
4900.28157236015  3.006065E-14
4901.20805751423  5.575723E-14
4902.13454266832  2.898194E-14
4903.0610278224  5.651044E-16
4903.98751297648  -2.206008E-14
4904.91399813056  4.793691E-15
4905.84048328465  6.825315E-14
4906.76696843873  5.572862E-14
4907.69345359281  6.006149E-14
4908.61993874689  2.163003E-14
4909.54642390097  -2.267040E-15
4910.47290905506  7.765369E-15
4911.39939420914  5.202472E-14
4912.32587936322  2.970386E-14
4913.2523645173  4.219197E-14
4914.17884967139  5.179676E-14
4915.10533482547  2.494522E-14
4916.03181997955  6.116832E-14
4916.95830513363  2.340737E-14
4917.88479028772  5.019432E-15
4918.8112754418  2.594016E-14
4919.73776059588  1.252951E-14
4920.66424574996  4.191166E-14
4921.59073090405  6.587552E-14
4922.51721605813  4.060711E-14
4923.44370121221  3.373140E-14
4924.37018636629  3.337328E-14
4925.29667152038  6.096178E-14
4926.22315667446  1.227818E-13
4927.14964182854  1.042520E-13
4928.07612698262  4.909906E-14
4929.0026121367  4.027497E-14
4929.92909729079  4.574748E-14
4930.85558244487  1.172883E-14
4931.78206759895  -1.608905E-14
4932.70855275303  4.481566E-14
4933.63503790711  3.907746E-14
4934.5615230612  -1.712504E-14
4935.48800821528  -5.211075E-15
4936.41449336936  -4.050021E-14
4937.34097852344  -4.076474E-15
4938.26746367753  3.004726E-14
4939.19394883161  2.569166E-14
4940.12043398569  -1.247310E-15
4941.04691913977  -1.279846E-14
4941.97340429386  2.876151E-14
4942.89988944794  7.778161E-15
4943.82637460202  1.369666E-14
4944.7528597561  9.742032E-15
4945.67934491019  5.421172E-14
4946.60583006427  4.736889E-14
4947.53231521835  2.448968E-14
4948.45880037243  5.959371E-14
4949.38528552652  1.762836E-14
4950.3117706806  2.504328E-14
4951.23825583468  -2.949077E-14
4952.16474098876  -2.945506E-14
4953.09122614284  -1.986336E-14
4954.01771129693  2.632633E-14
4954.94419645101  3.196866E-14
4955.87068160509  1.761460E-13
4956.79716675917  3.321290E-12
4957.72365191326  1.438026E-11
4958.65013706734  2.230964E-11
4959.57662222142  2.141540E-11
4960.5031073755  1.240880E-11
4961.42959252959  3.482533E-12
4962.35607768367  6.913118E-13
4963.28256283775  4.585600E-13
4964.20904799183  1.920477E-13
4965.13553314592  1.244242E-13
4966.0620183  1.227621E-13
4966.98850345408  1.138112E-13
4967.91498860816  7.410625E-14
4968.84147376224  4.107793E-14
4969.76795891633  3.671833E-14
4970.69444407041  2.315602E-14
4971.62092922449  9.961604E-16
4972.54741437857  1.964574E-14
4973.47389953266  4.938212E-14
4974.40038468674  5.422047E-14
4975.32686984082  4.834786E-14
4976.2533549949  7.150606E-15
4977.17984014899  1.444002E-14
4978.10632530307  3.099757E-14
4979.03281045715  4.680972E-15
4979.95929561123  7.974824E-16
4980.88578076531  -2.219823E-14
4981.8122659194  -3.286785E-14
4982.73875107348  1.221734E-14
4983.66523622756  4.286704E-14
4984.59172138164  1.639965E-14
4985.51820653573  -4.479344E-14
4986.44469168981  7.151686E-15
4987.37117684389  -5.646400E-15
4988.29766199797  -1.521110E-14
4989.22414715206  8.768865E-15
4990.15063230614  -1.002535E-14
4991.07711746022  -1.429016E-14
4992.0036026143  7.736620E-14
4992.93008776838  3.037559E-14
4993.85657292247  6.551735E-14
4994.78305807655  3.216359E-14
4995.70954323063  -7.918730E-15
4996.63602838472  1.441013E-14
4997.5625135388  1.302017E-14
4998.48899869288  4.267049E-14
4999.41548384696  3.267045E-14
5000.34196900104  3.303823E-14
5001.26845415513  1.639572E-14
5002.19493930921  9.096815E-14
5003.12142446329  1.651365E-13
5004.04790961737  9.460805E-13
5004.97439477146  1.635728E-11
5005.90087992554  5.456303E-11
5006.82736507962  7.440525E-11
5007.7538502337  6.582412E-11
5008.68033538779  3.343670E-11
5009.60682054187  8.163517E-12
5010.53330569595  2.280126E-12
5011.45979085003  1.666952E-12
5012.38627600412  9.167578E-13
5013.3127611582  5.590137E-13
5014.23924631228  3.142374E-13
5015.16573146636  2.597199E-13
5016.09221662044  2.147311E-13
5017.01870177453  1.611004E-13
5017.94518692861  1.212313E-13
5018.87167208269  7.210719E-14
5019.79815723677  5.769309E-14
5020.72464239086  4.228681E-14
5021.65112754494  6.512406E-14
5022.57761269902  6.144155E-14
5023.5040978531  2.115878E-14
5024.43058300719  3.700687E-14
5025.35706816127  4.339527E-14
5026.28355331535  3.404590E-14
5027.21003846943  4.571569E-14
5028.13652362351  2.260076E-14
5029.0630087776  2.154036E-14
5029.98949393168  1.481301E-14
5030.91597908576  -1.554909E-14
5031.84246423984  6.101699E-15
5032.76894939393  3.710633E-14
5033.69543454801  3.955559E-14
5034.62191970209  3.759975E-15
5035.54840485617  -9.985594E-15
5036.47489001026  -2.941600E-14
5037.40137516434  -5.154594E-15
5038.32786031842  4.251668E-14
5039.2543454725  8.227721E-15
5040.18083062659  -8.584311E-15
5041.10731578067  2.938515E-14
5042.03380093475  -2.796186E-16
5042.96028608883  2.051029E-14
5043.88677124292  8.271677E-15
