NOAO/IRAF V2.16.1 jgarani@uhura.astro.sunysb.edu Fri 13:07:50 03-Nov-2017
Sensitivity function for aperture 1:
Fitting function is spline3 of order 5 with 13 points and RMS of 0.0427.
       Image Airmass  Points   Shift RMS Fit   Dev 1   Dev 2   Dev 3
d-L2-star-hg-10.00000000.CF.ms.L.fits   1.000      13  0.0000  0.0410 -0.0040 -0.0002  0.0034

  Lambda     Fit     Avg   Resid  SD Avg     N     Ext    Dext
 4400.00  31.372  31.372  0.0001  0.0000     1  0.2622  0.0000
 4450.00  31.501  31.498 -0.0023  0.0000     1  0.2528  0.0000
 4500.00  31.587  31.597  0.0103  0.0000     1  0.2426  0.0000
 4550.00  31.691  31.667 -0.0240  0.0000     1  0.2337  0.0000
 4600.00  31.801  31.842  0.0402  0.0000     1  0.2256  0.0000
 4650.00  31.901  31.846 -0.0549  0.0000     1  0.2188  0.0000
 4700.00  31.983  32.035  0.0527  0.0000     1  0.2116  0.0000
 4750.00  32.047  32.008 -0.0389  0.0000     1  0.2047  0.0000
 4800.00  32.094  32.146  0.0515  0.0000     1  0.2001  0.0000
 4850.00  32.136  32.061 -0.0752  0.0000     1  0.1939  0.0000
 4900.00  32.187  32.246  0.0591  0.0000     1  0.1877  0.0000
 4950.00  32.252  32.231 -0.0211  0.0000     1  0.1834  0.0000
 5000.00  32.285  32.287  0.0025  0.0000     1  0.1800  0.0000

NOAO/IRAF V2.16.1 jgarani@uhura.astro.sunysb.edu Fri 13:09:00 03-Nov-2017
Sensitivity function for aperture 1:
Fitting function is spline3 of order 6 with 13 points and RMS of 0.0424.
       Image Airmass  Points   Shift RMS Fit   Dev 1   Dev 2   Dev 3
d-L2-star-hg-10.00000000.CF.ms.L.fits   1.000      13  0.0000  0.0407 -0.0038 -0.0012  0.0040

  Lambda     Fit     Avg   Resid  SD Avg     N     Ext    Dext
 4400.00  31.372  31.372  0.0000  0.0000     1  0.2622  0.0000
 4450.00  31.500  31.498 -0.0012  0.0000     1  0.2528  0.0000
 4500.00  31.591  31.597  0.0064  0.0000     1  0.2426  0.0000
 4550.00  31.688  31.667 -0.0206  0.0000     1  0.2337  0.0000
 4600.00  31.796  31.842  0.0453  0.0000     1  0.2256  0.0000
 4650.00  31.906  31.846 -0.0596  0.0000     1  0.2188  0.0000
 4700.00  31.991  32.035  0.0444  0.0000     1  0.2116  0.0000
 4750.00  32.042  32.008 -0.0348  0.0000     1  0.2047  0.0000
 4800.00  32.084  32.146  0.0617  0.0000     1  0.2001  0.0000
 4850.00  32.139  32.061 -0.0779  0.0000     1  0.1939  0.0000
 4900.00  32.198  32.246  0.0480  0.0000     1  0.1877  0.0000
 4950.00  32.243  32.231 -0.0121  0.0000     1  0.1834  0.0000
 5000.00  32.287  32.287  0.0004  0.0000     1  0.1800  0.0000

NOAO/IRAF V2.16.1 jgarani@uhura.astro.sunysb.edu Fri 13:37:30 03-Nov-2017
Sensitivity function for aperture 1:
Fitting function is spline3 of order 6 with 13 points and RMS of 0.0424.
       Image Airmass  Points   Shift RMS Fit   Dev 1   Dev 2   Dev 3
d-L2-star-hg-10.00000000.CF.ms.L.fits   1.000      13  0.0000  0.0407 -0.0038 -0.0012  0.0040

  Lambda     Fit     Avg   Resid  SD Avg     N     Ext    Dext
 4400.00  31.372  31.372  0.0000  0.0000     1  0.2622  0.0000
 4450.00  31.500  31.498 -0.0012  0.0000     1  0.2528  0.0000
 4500.00  31.591  31.597  0.0064  0.0000     1  0.2426  0.0000
 4550.00  31.688  31.667 -0.0206  0.0000     1  0.2337  0.0000
 4600.00  31.796  31.842  0.0453  0.0000     1  0.2256  0.0000
 4650.00  31.906  31.846 -0.0596  0.0000     1  0.2188  0.0000
 4700.00  31.991  32.035  0.0444  0.0000     1  0.2116  0.0000
 4750.00  32.042  32.008 -0.0348  0.0000     1  0.2047  0.0000
 4800.00  32.084  32.146  0.0617  0.0000     1  0.2001  0.0000
 4850.00  32.139  32.061 -0.0779  0.0000     1  0.1939  0.0000
 4900.00  32.198  32.246  0.0480  0.0000     1  0.1877  0.0000
 4950.00  32.243  32.231 -0.0121  0.0000     1  0.1834  0.0000
 5000.00  32.287  32.287  0.0004  0.0000     1  0.1800  0.0000

