[d-L2-star-hg-10.00000000.CF.ms.L.fits] 1 765 10.00 1.000  4336.052  5043.887 
 4400.00    1.7213E-9   50.000     2392094.
 4450.00    1.6978E-9   50.000     2673775.
 4500.00    1.6742E-9   50.000     2914034.
 4550.00    1.6505E-9   50.000     3090205.
 4600.00    1.6268E-9   50.000     3603671.
 4650.00    1.6030E-9   50.000     3587817.
 4700.00    1.5792E-9   50.000     4235882.
 4750.00    1.5555E-9   50.000     4093161.
 4800.00    1.5318E-9   50.000     4595468.
 4850.00    1.5082E-9   50.000     4208228.
 4900.00    1.4848E-9   50.000     4943389.
 4950.00    1.4614E-9   50.000     4817330.
 5000.00    1.4383E-9   50.000     5008637.
