0    5.96611721612
0.1  5.97527472527
0.2  5.96916971917
0.3  5.96916971917
0.4  5.96916971917
0.5  5.96916971917
0.6  5.96916971917
0.7  5.97527472527
0.8  5.97222222222
0.9  5.97832722833
1    5.97527472527
1.1  5.96916971917
1.2  5.97222222222
1.3  5.97222222222
1.4  5.97527472527
1.5  5.96611721612
1.6  5.96001221001
1.7  5.96611721612
1.8  5.95695970696
1.9  5.96001221001
2    5.95695970696
2.1  5.94474969475
2.2  5.93559218559
2.3  5.92948717949
2.4  5.91422466422
2.5  5.90811965812
2.6  5.90506715507
2.7  5.90201465201
2.8  5.88675213675
2.9  5.8836996337
3    5.87759462759
3.1  5.87148962149
3.2  5.87454212454
3.3  5.86538461538
3.4  5.87759462759
3.5  5.85927960928
3.6  5.87148962149
3.7  5.8898046398
3.8  5.86843711844
3.9  5.88064713065
4    5.88675213675
4.1  5.87148962149
4.2  5.86843711844
4.3  5.86233211233
4.4  5.86538461538
4.5  5.85012210012
4.6  5.81654456654
4.7  5.81043956044
4.8  5.78296703297
4.9  5.74633699634
5    5.72191697192
5.1  5.67918192918
5.2  5.62118437118
5.3  5.60286935287
5.4  5.54487179487
5.5  5.47161172161
5.6  5.41056166056
5.7  5.38614163614
5.8  5.36477411477
5.9  5.2731990232
6    5.24572649573
6.1  5.18162393162
6.2  5.14194139194
6.3  5.05341880342
6.4  5.0351037851
6.5  4.96794871795
6.6  4.85805860806
6.7  4.87332112332
6.8  4.75732600733
6.9  4.65659340659
7    4.61385836386
7.1  4.51923076923
7.2  4.36965811966
7.3  4.22313797314
7.4  4.18650793651
7.5  4.02472527473
7.6  3.74694749695
7.7  3.57905982906
7.8  3.49358974359
7.9  3.11202686203
8    2.92887667888
8.1  2.78540903541
8.2  2.528998779
8.3  2.26343101343
8.4  2.07112332112
8.5  1.8605006105
8.6  1.51862026862
8.7  1.36904761905
8.8  1.15231990232
8.9  0.929487179487
9    0.82264957265
9.1  0.633394383394
9.2  0.554029304029
9.3  0.361721611722
9.4  0.346459096459
9.5  0.169413919414
9.6  0.144993894994
9.7  0.032051282051
9.8  0.071733821733
9.9  0.138888888889
10   0.053418803418
10.1 0.196886446886
10.2 0.282356532357
10.3 0.514346764347
10.4 0.511294261294
10.5 0.715811965812
10.6 0.83485958486
10.7 1.14926739927
10.8 1.20115995116
10.9 1.46062271062
11   1.73534798535
11.1 1.86355311355
11.2 2.11996336996
11.3 2.31837606838
11.4 2.51984126984
11.5 2.71214896215
11.6 2.95024420024
11.7 3.21886446886
11.8 3.27075702076
11.9 3.44474969475
12   3.65231990232
12.1 3.84157509158
12.2 3.8721001221
12.3 4.03693528694
12.4 4.16208791209
12.5 4.22924297924
12.6 4.30860805861
12.7 4.43070818071
12.8 4.53449328449
12.9 4.57112332112
13   4.68101343101
13.1 4.80006105006
13.2 4.81532356532
13.3 4.90995115995
13.4 4.97405372405
13.5 5.01068376068
13.6 5.05341880342
13.7 5.14499389499
13.8 5.2731990232
13.9 5.30067155067
14   5.36477411477
14.1 5.42277167277
14.2 5.49603174603
14.3 5.54487179487
14.4 5.59065934066
14.5 5.63644688645
14.6 5.65781440781
14.7 5.67002442002
14.8 5.73107448107
14.9 5.74328449328
15   5.75244200244
15.1 5.79517704518
15.2 5.79822954823
15.3 5.79517704518
15.4 5.79517704518
15.5 5.81654456654
15.6 5.82264957265
15.7 5.81349206349
15.8 5.81043956044
15.9 5.82875457875
16   5.82875457875
16.1 5.83485958486
16.2 5.84096459096
16.3 5.85012210012
16.4 5.85622710623
16.5 5.85927960928
16.6 5.85927960928
16.7 5.88675213675
16.8 5.88675213675
16.9 5.8898046398
17   5.90506715507
17.1 5.91117216117
17.2 5.92338217338
17.3 5.93864468864
17.4 5.93559218559
17.5 5.9416971917
17.6 5.96001221001
17.7 5.95085470085
17.8 5.95695970696
17.9 5.95390720391
18   5.96916971917
18.1 5.96611721612
18.2 5.96306471306
18.3 5.96916971917
18.4 5.97527472527
18.5 5.96916971917
18.6 5.97832722833
18.7 5.96611721612
18.8 5.96916971917
18.9 5.96916971917
19   5.96916971917
19.1 5.96611721612
19.2 5.96306471306
19.3 5.96306471306
19.4 5.96611721612
19.5 5.95695970696
19.6 5.95695970696
19.7 5.96611721612
19.8 5.96306471306
19.9 5.96001221001
20   5.96001221001
20.1 5.96916971917
20.2 5.96611721612
20.3 5.96001221001
20.4 5.96306471306
20.5 5.96001221001
20.6 5.96611721612
20.7 5.95695970696
20.8 5.96001221001
20.9 5.96001221001
21   5.95085470085
21.1 5.95085470085
21.2 5.95390720391
21.3 5.96001221001
21.4 5.95695970696
21.5 5.95695970696
21.6 5.96001221001
21.7 5.96001221001
21.8 5.96611721612
21.9 5.95695970696
22   5.97222222222
22.1 5.96916971917
22.2 5.96611721612
22.3 5.96611721612
22.4 5.97527472527
22.5 5.97527472527
22.6 5.96916971917
22.7 5.96306471306
22.8 5.97222222222
22.9 5.97222222222
23   5.98137973138
23.1 5.97222222222
23.2 5.97527472527
23.3 5.96916971917
23.4 5.97527472527
