0    5.10531135531
0.1  5.13888888889
0.2  5.13278388278
0.3  5.09004884005
0.4  5.13583638584
0.5  5.18772893773
0.6  5.20604395604
0.7  5.18467643468
0.8  5.26098901099
0.9  5.23962148962
1    5.33424908425
1.1  5.32509157509
1.2  5.38308913309
1.3  5.38308913309
1.4  5.42582417582
1.5  5.45024420024
1.6  5.48076923077
1.7  5.50213675214
1.8  5.5173992674
1.9  5.52045177045
2    5.56623931624
2.1  5.58455433455
2.2  5.59065934066
2.3  5.60592185592
2.4  5.63644688645
2.5  5.65476190476
2.6  5.67002442002
2.7  5.69139194139
2.8  5.70054945055
2.9  5.72496947497
3    5.74328449328
3.1  5.77991452991
3.2  5.77075702076
3.3  5.78907203907
3.4  5.80738705739
3.5  5.81349206349
3.6  5.84096459096
3.7  5.85317460317
3.8  5.85317460317
3.9  5.86843711844
4    5.87148962149
4.1  5.88675213675
4.2  5.8836996337
4.3  5.90201465201
4.4  5.89590964591
4.5  5.90506715507
4.6  5.90506715507
4.7  5.91117216117
4.8  5.92032967033
4.9  5.91727716728
5    5.91727716728
5.1  5.91727716728
5.2  5.92032967033
5.3  5.92643467643
5.4  5.92032967033
5.5  5.92643467643
5.6  5.91422466422
5.7  5.92032967033
5.8  5.92643467643
5.9  5.93559218559
6    5.93559218559
6.1  5.93559218559
6.2  5.9478021978
6.3  5.93864468864
6.4  5.94474969475
6.5  5.9478021978
6.6  5.95390720391
6.7  5.95390720391
6.8  5.95390720391
6.9  5.95695970696
7    5.95390720391
7.1  5.96306471306
7.2  5.9478021978
7.3  5.95695970696
7.4  5.97222222222
7.5  5.96611721612
7.6  5.96611721612
7.7  5.96611721612
7.8  5.96611721612
7.9  5.96611721612
8    5.97222222222
8.1  5.96916971917
8.2  5.97527472527
8.3  5.97222222222
8.4  5.97527472527
8.5  5.97832722833
8.6  5.97527472527
8.7  5.97832722833
8.8  5.97222222222
8.9  5.97527472527
9    5.98748473748
9.1  5.96611721612
9.2  5.97222222222
9.3  5.96611721612
9.4  5.96916971917
9.5  5.96306471306
9.6  5.96611721612
9.7  5.96306471306
9.8  5.96611721612
9.9  5.96001221001
10   5.96306471306
10.1 5.95390720391
10.2 5.9478021978
10.3 5.96001221001
10.4 5.95695970696
10.5 5.9478021978
10.6 5.95390720391
10.7 5.95085470085
10.8 5.95695970696
10.9 5.96001221001
11   5.95695970696
11.1 5.95695970696
11.2 5.95695970696
11.3 5.96001221001
11.4 5.95390720391
11.5 5.96916971917
11.6 5.96001221001
11.7 5.96306471306
11.8 5.96001221001
11.9 5.95695970696
12   5.96611721612
12.1 5.97527472527
12.2 5.96001221001
12.3 5.96916971917
12.4 5.96611721612
12.5 5.96306471306
12.6 5.96916971917
12.7 5.96001221001
12.8 5.96306471306
12.9 5.96306471306
13   5.96306471306
13.1 5.96001221001
13.2 5.96306471306
13.3 5.96916971917
13.4 5.96306471306
13.5 5.96916971917
13.6 5.95695970696
13.7 5.96001221001
13.8 5.96306471306
13.9 5.96001221001
14   5.96306471306
14.1 5.96001221001
14.2 5.9416971917
14.3 5.9478021978
14.4 5.95085470085
14.5 5.92948717949
14.6 5.92338217338
14.7 5.91727716728
14.8 5.91117216117
14.9 5.90506715507
15   5.8898046398
15.1 5.88064713065
15.2 5.87759462759
15.3 5.86843711844
15.4 5.86843711844
15.5 5.85317460317
15.6 5.84401709402
15.7 5.83485958486
15.8 5.84096459096
15.9 5.83485958486
16   5.82264957265
16.1 5.82264957265
16.2 5.83485958486
16.3 5.83180708181
16.4 5.8195970696
16.5 5.81654456654
16.6 5.81043956044
16.7 5.80738705739
16.8 5.78907203907
16.9 5.78296703297
17   5.75854700855
17.1 5.73717948718
17.2 5.72496947497
17.3 5.68223443223
17.4 5.6456043956
17.5 5.59981684982
17.6 5.57844932845
17.7 5.53571428571
17.8 5.49297924298
17.9 5.41361416361
18   5.36172161172
18.1 5.30982905983
18.2 5.24572649573
18.3 5.19078144078
18.4 5.10531135531
18.5 5.05647130647
18.6 5.01984126984
18.7 4.94047619048
18.8 4.88247863248
18.9 4.83058608059
19   4.73595848596
19.1 4.63522588523
19.2 4.60775335775
19.3 4.56501831502
19.4 4.43070818071
19.5 4.3605006105
19.6 4.24450549451
19.7 4.15598290598
19.8 4.08577533578
19.9 3.9362026862
20   3.85683760684
20.1 3.6858974359
20.2 3.53327228327
20.3 3.46001221001
20.4 3.34096459096
20.5 3.05402930403
20.6 2.86477411477
20.7 2.79761904762
20.8 2.52289377289
20.9 2.3489010989
21   2.17490842491
21.1 1.86965811966
21.2 1.70177045177
21.3 1.44230769231
21.4 1.33852258852
21.5 1.18284493284
21.6 0.856227106227
21.7 0.905067155067
21.8 0.734126984127
21.9 0.569291819292
22   0.422771672772
22.1 0.270146520147
22.2 0.099206349206
22.3 0.074786324786
22.4 0.282356532357
22.5 0.227411477411
22.6 0.108363858364
22.7 0.276251526252
22.8 0.236568986569
22.9 0.285409035409
23   0.456349206349
23.1 0.489926739927
23.2 0.517399267399
23.3 0.593711843712
23.4 0.886752136752
23.5 0.972222222222
23.6 1.18894993895
23.7 1.36294261294
23.8 1.62545787546
23.9 1.7963980464
24   1.96733821734
24.1 2.24511599512
24.2 2.48321123321
24.3 2.69688644689
24.4 2.85866910867
24.5 3.10897435897
24.6 3.35317460317
24.7 3.45085470085
24.8 3.634004884
24.9 3.85378510379
25   3.99725274725
25.1 4.07661782662
25.2 4.24145299145
25.3 4.36355311355
25.4 4.46733821734
25.5 4.54365079365
25.6 4.63827838828
25.7 4.76037851038
25.8 4.77869352869
25.9 4.83058608059
26   4.89468864469
26.1 4.95573870574
26.2 5.00152625153
26.3 5.028998779
26.4 5.12057387057
26.5 5.15415140415
26.6 5.18162393162
26.7 5.23351648352
26.8 5.29761904762
26.9 5.3373015873
27   5.37698412698
27.1 5.43498168498
27.2 5.49603174603
27.3 5.5173992674
27.4 5.5753968254
27.5 5.61813186813
27.6 5.66086691087
27.7 5.68833943834
27.8 5.72191697192
27.9 5.75854700855
28   5.77686202686
28.1 5.8257020757
28.2 5.81349206349
28.3 5.83485958486
28.4 5.84706959707
28.5 5.85927960928
28.6 5.86843711844
28.7 5.86233211233
28.8 5.87454212454
28.9 5.85927960928
29   5.86233211233
29.1 5.86843711844
29.2 5.85927960928
29.3 5.86843711844
29.4 5.85622710623
29.5 5.85927960928
29.6 5.85927960928
29.7 5.86538461538
29.8 5.86843711844
29.9 5.88064713065
30   5.88675213675
30.1 5.89285714286
30.2 5.8898046398
30.3 5.89590964591
30.4 5.91117216117
30.5 5.92338217338
30.6 5.92338217338
30.7 5.92643467643
30.8 5.93864468864
30.9 5.9478021978
31   5.95085470085
31.1 5.96001221001
31.2 5.96306471306
31.3 5.96916971917
31.4 5.96611721612
31.5 5.96611721612
31.6 5.96916971917
31.7 5.96916971917
31.8 5.96611721612
31.9 5.96916971917
32   5.97222222222
32.1 5.96916971917
32.2 5.97222222222
32.3 5.97832722833
32.4 5.96916971917
32.5 5.97222222222
32.6 5.96611721612
32.7 5.97527472527
32.8 5.97527472527
32.9 5.97222222222
33   5.97222222222
33.1 5.97527472527
33.2 5.97527472527
33.3 5.97222222222
33.4 5.97527472527
33.5 5.97527472527
33.6 5.97527472527
33.7 5.97527472527
33.8 5.97527472527
33.9 5.98137973138
34   5.97527472527
34.1 5.96916971917
34.2 5.97222222222
34.3 5.96916971917
34.4 5.96611721612
34.5 5.97222222222
34.6 5.96916971917
34.7 5.96611721612
34.8 5.96306471306
34.9 5.96611721612
35   5.97222222222
35.1 5.96306471306
35.2 5.96001221001
35.3 5.95390720391
35.4 5.96306471306
35.5 5.96611721612
35.6 5.96306471306
35.7 5.96611721612
35.8 5.96916971917
35.9 5.96916971917
36   5.96916971917
36.1 5.96306471306
36.2 5.96611721612
36.3 5.96611721612
36.4 5.96001221001
36.5 5.97222222222
36.6 5.97222222222
36.7 5.96306471306
36.8 5.96611721612
36.9 5.96306471306
37   5.96916971917
37.1 5.96916971917
37.2 5.95695970696
37.3 5.95390720391
37.4 5.96611721612
37.5 5.96611721612
37.6 5.96611721612
37.7 5.96916971917
37.8 5.96611721612
37.9 5.96611721612
38   5.96916971917
38.1 5.96611721612
38.2 5.96306471306
38.3 5.96306471306
38.4 5.96611721612
38.5 5.96916971917
38.6 5.96306471306
38.7 5.96611721612
38.8 5.96916971917
38.9 5.96306471306
39   5.96306471306
39.1 5.95695970696
39.2 5.96001221001
39.3 5.96306471306
39.4 5.96611721612
39.5 5.96916971917
39.6 5.96306471306
39.7 5.96916971917
39.8 5.95390720391
39.9 5.96306471306
40   5.96306471306
40.1 5.96916971917
40.2 5.96306471306
40.3 5.96306471306
40.4 5.96306471306
40.5 5.96306471306
40.6 5.96001221001
40.7 5.96306471306
40.8 5.96611721612
40.9 5.95390720391
41   5.96611721612
41.1 5.96611721612
41.2 5.96001221001
41.3 5.96001221001
41.4 5.96001221001
41.5 5.96611721612
41.6 5.96001221001
41.7 5.96001221001
41.8 5.96306471306
41.9 5.96611721612
42   5.96611721612
42.1 5.96306471306
42.2 5.96306471306
42.3 5.96611721612
42.4 5.96611721612
42.5 5.97222222222
42.6 5.96611721612
42.7 5.96611721612
42.8 5.96611721612
42.9 5.96306471306
43   5.96611721612
43.1 5.96916971917
43.2 5.96306471306
43.3 5.96306471306
43.4 5.96916971917
43.5 5.97527472527
43.6 5.97222222222
43.7 5.96916971917
43.8 5.96611721612
43.9 5.96916971917
44   5.96611721612
44.1 5.96001221001
44.2 5.96611721612
44.3 5.96306471306
44.4 5.96611721612
44.5 5.96611721612
44.6 5.96611721612
44.7 5.95695970696
44.8 5.96916971917
44.9 5.96611721612
45   5.96611721612
45.1 5.96306471306
45.2 5.96611721612
45.3 5.96916971917
45.4 5.96916971917
45.5 5.97222222222
45.6 5.97222222222
45.7 5.96611721612
45.8 5.96916971917
45.9 5.96916971917
46   5.95390720391
46.1 5.96916971917
46.2 5.96611721612
46.3 5.96611721612
46.4 5.96001221001
46.5 5.96001221001
46.6 5.96306471306
46.7 5.96306471306
46.8 5.96916971917
46.9 5.96001221001
47   5.96611721612
47.1 5.95695970696
47.2 5.96916971917
47.3 5.96001221001
47.4 5.96001221001
47.5 5.95695970696
47.6 5.96306471306
47.7 5.96306471306
47.8 5.96306471306
47.9 5.96611721612
48   5.96916971917
48.1 5.96306471306
48.2 5.96001221001
48.3 5.96306471306
48.4 5.96001221001
48.5 5.96001221001
48.6 5.96001221001
48.7 5.97222222222
48.8 5.96916971917
48.9 5.96001221001
49   5.96306471306
49.1 5.95695970696
49.2 5.96001221001
49.3 5.96306471306
49.4 5.96001221001
49.5 5.96306471306
49.6 5.96306471306
49.7 5.96916971917
49.8 5.95695970696
49.9 5.96916971917
50   5.96001221001
50.1 5.96916971917
