6225.51204581252  1.694167E-13
6226.49933388405  1.332341E-13
6227.48662195558  1.706377E-13
6228.47391002711  1.273540E-13
6229.46119809864  1.128646E-13
6230.44848617017  1.177625E-13
6231.43577424171  1.777650E-13
6232.42306231324  2.376806E-13
6233.41035038477  2.064455E-13
6234.3976384563  1.939252E-13
6235.38492652783  1.349280E-13
6236.37221459936  1.014754E-13
6237.35950267089  1.178441E-13
6238.34679074243  1.157829E-13
6239.33407881396  1.196819E-13
6240.32136688549  1.089523E-13
6241.30865495702  7.511193E-14
6242.29594302855  7.787875E-14
6243.28323110009  8.096429E-14
6244.27051917161  9.460036E-14
6245.25780724315  9.900680E-14
6246.24509531468  1.012685E-13
6247.23238338621  7.497977E-14
6248.21967145774  7.972523E-14
6249.20695952927  9.548438E-14
6250.1942476008  9.311727E-14
6251.18153567233  9.616627E-14
6252.16882374387  4.705245E-14
6253.1561118154  5.280228E-14
6254.14339988693  1.216394E-13
6255.13068795846  1.410859E-13
6256.11797602999  1.320049E-13
6257.10526410152  9.272069E-14
6258.09255217306  9.996974E-14
6259.07984024459  1.059831E-13
6260.06712831612  1.197789E-13
6261.05441638765  7.998798E-14
6262.04170445918  7.176981E-14
6263.02899253071  1.006511E-13
6264.01628060224  8.338060E-14
6265.00356867377  7.341538E-14
6265.99085674531  6.905727E-14
6266.97814481684  7.972965E-14
6267.96543288837  8.420363E-14
6268.9527209599  5.748142E-14
6269.94000903143  6.369973E-14
6270.92729710296  7.149705E-14
6271.91458517449  9.657556E-14
6272.90187324603  1.234312E-13
6273.88916131756  1.056475E-13
6274.87644938909  7.698412E-14
6275.86373746062  7.165794E-14
6276.85102553215  5.736776E-14
6277.83831360368  7.235946E-14
6278.82560167521  8.141376E-14
6279.81288974675  8.086390E-14
6280.80017781828  6.642355E-14
6281.78746588981  7.478382E-14
6282.77475396134  6.583339E-14
6283.76204203287  7.386831E-14
6284.7493301044  5.364334E-14
6285.73661817593  5.108465E-14
6286.72390624747  7.211319E-14
6287.711194319  5.083744E-14
6288.69848239053  4.976617E-14
6289.68577046206  7.534122E-14
6290.67305853359  7.284226E-14
6291.66034660512  8.642213E-14
6292.64763467665  8.207301E-14
6293.63492274819  8.134881E-14
6294.62221081972  5.506833E-14
6295.60949889125  5.504945E-14
6296.59678696278  6.932426E-14
6297.58407503431  7.328749E-14
6298.57136310584  7.692439E-14
6299.55865117737  8.508377E-14
6300.5459392489  6.596444E-14
6301.53322732044  8.075973E-14
6302.52051539197  7.654748E-14
6303.5078034635  6.663528E-14
6304.49509153503  5.905704E-14
6305.48237960656  7.316758E-14
6306.46966767809  7.230677E-14
6307.45695574962  7.228668E-14
6308.44424382116  1.032818E-13
6309.43153189269  1.839291E-13
6310.41881996422  3.152562E-13
6311.40610803575  3.530935E-13
6312.39339610728  2.516216E-13
6313.38068417881  1.454553E-13
6314.36797225035  7.141514E-14
6315.35526032188  6.495534E-14
6316.34254839341  5.192124E-14
6317.32983646494  5.090108E-14
6318.31712453647  6.654904E-14
6319.304412608  3.507968E-14
6320.29170067954  3.438270E-14
6321.27898875107  5.979996E-14
6322.2662768226  6.020503E-14
6323.25356489413  5.738847E-14
6324.24085296566  5.980760E-14
6325.22814103719  7.213406E-14
6326.21542910872  6.293357E-14
6327.20271718025  4.469595E-14
6328.19000525179  5.082579E-14
6329.17729332332  5.946752E-14
6330.16458139485  4.768403E-14
6331.15186946638  6.826967E-14
6332.13915753791  7.325830E-14
6333.12644560944  4.840138E-14
6334.11373368097  4.394548E-14
6335.10102175251  6.807331E-14
6336.08830982404  7.717981E-14
6337.07559789557  6.495779E-14
6338.0628859671  6.795286E-14
6339.05017403863  5.150539E-14
6340.03746211016  5.164601E-14
6341.02475018169  6.004925E-14
6342.01203825323  6.381633E-14
6342.99932632476  7.234807E-14
6343.98661439629  5.517663E-14
6344.97390246782  5.890472E-14
6345.96119053935  7.415920E-14
6346.94847861088  8.333948E-14
6347.93576668241  5.296544E-14
6348.92305475394  4.431731E-14
6349.91034282548  7.932828E-14
6350.89763089701  5.840326E-14
6351.88491896854  4.774455E-14
6352.87220704007  7.189000E-14
6353.8594951116  7.812451E-14
6354.84678318313  5.536689E-14
6355.83407125467  5.093859E-14
6356.8213593262  4.544903E-14
6357.80864739773  6.201632E-14
6358.79593546926  6.551229E-14
6359.78322354079  5.564112E-14
6360.77051161232  5.212443E-14
6361.75779968385  5.338362E-14
6362.74508775539  6.498846E-14
6363.73237582692  6.526591E-14
6364.71966389845  5.751068E-14
6365.70695196998  6.593621E-14
6366.69424004151  6.241717E-14
6367.68152811304  6.610248E-14
6368.66881618457  7.066507E-14
6369.6561042561  7.230051E-14
6370.64339232764  5.421138E-14
6371.63068039917  6.490414E-14
6372.6179684707  7.423045E-14
6373.60525654223  6.172639E-14
6374.59254461376  5.139079E-14
6375.57983268529  4.780215E-14
6376.56712075682  6.210844E-14
6377.55440882836  6.333265E-14
6378.54169689989  5.849309E-14
6379.52898497142  6.385485E-14
6380.51627304295  6.195845E-14
6381.50356111448  8.422284E-14
6382.49084918601  4.718072E-14
6383.47813725755  5.111477E-14
6384.46542532908  5.541251E-14
6385.45271340061  5.881874E-14
6386.44000147214  7.547847E-14
6387.42728954367  7.879172E-14
6388.4145776152  8.455742E-14
6389.40186568673  6.669956E-14
6390.38915375827  5.176081E-14
6391.3764418298  6.652928E-14
6392.36372990133  5.843684E-14
6393.35101797286  7.351180E-14
6394.33830604439  7.427412E-14
6395.32559411592  6.972290E-14
6396.31288218745  7.548293E-14
6397.30017025898  6.444618E-14
6398.28745833052  8.377362E-14
6399.27474640205  6.972951E-14
6400.26203447358  7.640260E-14
6401.24932254511  7.382845E-14
6402.23661061664  6.345829E-14
6403.22389868817  5.604534E-14
6404.21118675971  8.674874E-14
6405.19847483124  1.369711E-13
6406.18576290277  1.265615E-13
6407.1730509743  8.022854E-14
6408.16033904583  7.520216E-14
6409.14762711736  7.461416E-14
6410.13491518889  6.425651E-14
6411.12220326042  6.210522E-14
6412.10949133196  5.369197E-14
6413.09677940349  7.993627E-14
6414.08406747502  7.429165E-14
6415.07135554655  5.276889E-14
6416.05864361808  5.887883E-14
6417.04593168961  6.164318E-14
6418.03321976114  5.055205E-14
6419.02050783268  5.876396E-14
6420.00779590421  6.745617E-14
6420.99508397574  4.744001E-14
6421.98237204727  5.457951E-14
6422.9696601188  6.311364E-14
6423.95694819033  5.246130E-14
6424.94423626187  5.289875E-14
6425.9315243334  6.173314E-14
6426.91881240493  5.421545E-14
6427.90610047646  7.245800E-14
6428.89338854799  9.758130E-14
6429.88067661952  7.634613E-14
6430.86796469105  6.202963E-14
6431.85525276258  8.294914E-14
6432.84254083411  1.483153E-13
6433.82982890565  2.140513E-13
6434.81711697718  1.891686E-13
6435.80440504871  1.145724E-13
6436.79169312024  7.528202E-14
6437.77898119177  7.885557E-14
6438.7662692633  8.977663E-14
6439.75355733484  8.662496E-14
6440.74084540637  6.730487E-14
6441.7281334779  4.537779E-14
6442.71542154943  4.692497E-14
6443.70270962096  5.561871E-14
6444.68999769249  5.515683E-14
6445.67728576403  6.035969E-14
6446.66457383556  5.612571E-14
6447.65186190709  5.856985E-14
6448.63914997862  5.879269E-14
6449.62643805015  6.386637E-14
6450.61372612168  6.893746E-14
6451.60101419321  5.016274E-14
6452.58830226474  5.833275E-14
6453.57559033627  6.498357E-14
6454.56287840781  5.866964E-14
6455.55016647934  5.656558E-14
6456.53745455087  6.850010E-14
6457.5247426224  6.285146E-14
6458.51203069393  5.958408E-14
6459.49931876546  6.093731E-14
6460.486606837  6.528726E-14
6461.47389490853  7.225037E-14
6462.46118298006  7.313634E-14
6463.44847105159  7.167782E-14
6464.43575912312  6.212072E-14
6465.42304719465  5.653771E-14
6466.41033526618  6.554908E-14
6467.39762333772  6.903176E-14
6468.38491140925  5.633159E-14
6469.37219948078  4.727671E-14
6470.35948755231  4.971817E-14
6471.34677562384  4.966165E-14
6472.33406369537  5.712811E-14
6473.3213517669  5.121981E-14
6474.30863983844  5.108393E-14
6475.29592790997  6.435859E-14
6476.2832159815  5.393376E-14
6477.27050405303  5.051265E-14
6478.25779212456  5.363644E-14
6479.24508019609  6.457897E-14
6480.23236826762  3.974245E-14
6481.21965633916  5.050386E-14
6482.20694441069  5.432292E-14
6483.19423248222  5.470065E-14
6484.18152055375  4.630736E-14
6485.16880862528  3.578015E-14
6486.15609669681  5.553979E-14
6487.14338476835  6.120928E-14
6488.13067283988  5.432225E-14
6489.11796091141  5.983660E-14
6490.10524898294  6.441638E-14
6491.09253705447  6.602284E-14
6492.079825126  7.468613E-14
6493.06711319753  5.953185E-14
6494.05440126907  4.456092E-14
6495.0416893406  4.098970E-14
6496.02897741213  3.819419E-14
6497.01626548366  5.845351E-14
6498.00355355519  5.978903E-14
6498.99084162672  6.223046E-14
6499.97812969825  6.814985E-14
6500.96541776978  6.153805E-14
6501.95270584132  6.770209E-14
6502.93999391285  4.668994E-14
6503.92728198438  5.504523E-14
6504.91457005591  5.251302E-14
6505.90185812744  5.007761E-14
6506.88914619897  6.030123E-14
6507.8764342705  5.318495E-14
6508.86372234204  5.663829E-14
6509.85101041357  6.312805E-14
6510.8382984851  5.961893E-14
6511.82558655663  6.544899E-14
6512.81287462816  6.527338E-14
6513.80016269969  6.135113E-14
6514.78745077123  5.545830E-14
6515.77473884276  5.866646E-14
6516.76202691429  5.909866E-14
6517.74931498582  7.060005E-14
6518.73660305735  4.850828E-14
6519.72389112888  5.865222E-14
6520.71117920041  5.883891E-14
6521.69846727194  6.182446E-14
6522.68575534348  5.349572E-14
6523.67304341501  6.571301E-14
6524.66033148654  1.022855E-13
6525.64761955807  1.401314E-13
6526.6349076296  1.565980E-13
6527.62219570113  1.102090E-13
6528.60948377266  5.811359E-14
6529.5967718442  6.901904E-14
6530.58405991573  6.291101E-14
6531.57134798726  6.209706E-14
6532.55863605879  6.428442E-14
6533.54592413032  5.748671E-14
6534.53321220185  6.277764E-14
6535.52050027338  5.943640E-14
6536.50778834492  7.327502E-14
6537.49507641645  7.568113E-14
6538.48236448798  9.489540E-14
6539.46965255951  6.182487E-14
6540.45694063104  6.137755E-14
6541.44422870257  6.671496E-14
6542.4315167741  7.005910E-14
6543.41880484563  7.159556E-14
6544.40609291717  8.020455E-14
6545.3933809887  1.426838E-13
6546.38066906023  2.441913E-13
6547.36795713176  3.157028E-13
6548.35524520329  2.490109E-13
6549.34253327482  1.561213E-13
6550.32982134636  1.330635E-13
6551.31710941789  1.428362E-13
6552.30439748942  1.712019E-13
6553.29168556095  1.980826E-13
6554.27897363248  2.505816E-13
6555.26626170401  3.656391E-13
6556.25354977554  5.442133E-13
6557.24083784707  1.159743E-12
6558.22812591861  2.959327E-12
6559.21541399014  7.777812E-12
6560.20270206167  2.752180E-11
6561.1899901332  6.562893E-11
6562.17727820473  7.956168E-11
6563.16456627626  4.799445E-11
6564.15185434779  1.355514E-11
6565.13914241933  2.051731E-12
6566.12643049086  6.457072E-13
6567.11371856239  3.590048E-13
6568.10100663392  2.401930E-13
6569.08829470545  1.838308E-13
6570.07558277698  1.617950E-13
6571.06287084851  1.422868E-13
6572.05015892005  1.076137E-13
6573.03744699158  9.086735E-14
6574.02473506311  7.858870E-14
6575.01202313464  7.351456E-14
6575.99931120617  7.637066E-14
6576.9865992777  1.022263E-13
6577.97388734924  8.536793E-14
6578.96117542077  8.379820E-14
6579.9484634923  1.194102E-13
6580.93575156383  3.133162E-13
6581.92303963536  6.652322E-13
6582.91032770689  8.014638E-13
6583.89761577842  4.221726E-13
6584.88490384995  1.631059E-13
6585.87219192149  8.597906E-14
6586.85947999302  6.447738E-14
6587.84676806455  6.138756E-14
6588.83405613608  5.895902E-14
6589.82134420761  5.090138E-14
6590.80863227914  5.382329E-14
6591.79592035067  7.238749E-14
6592.78320842221  7.914664E-14
6593.77049649374  6.338352E-14
6594.75778456527  5.930097E-14
6595.7450726368  5.017905E-14
6596.73236070833  4.706929E-14
6597.71964877986  5.690452E-14
6598.7069368514  4.628708E-14
6599.69422492293  5.021552E-14
6600.68151299446  6.648951E-14
6601.66880106599  4.640071E-14
6602.65608913752  3.937403E-14
6603.64337720905  4.705338E-14
6604.63066528058  7.289544E-14
6605.61795335211  5.588306E-14
6606.60524142365  5.548917E-14
6607.59252949518  6.599042E-14
6608.57981756671  6.615463E-14
6609.56710563824  4.722305E-14
6610.55439370977  3.938935E-14
6611.5416817813  5.060476E-14
6612.52896985283  4.493226E-14
6613.51625792437  4.454481E-14
6614.5035459959  5.942973E-14
6615.49083406743  5.917216E-14
6616.47812213896  3.611288E-14
6617.46541021049  4.953475E-14
6618.45269828202  4.265821E-14
6619.43998635356  3.865246E-14
6620.42727442509  5.725373E-14
6621.41456249662  5.555310E-14
6622.40185056815  5.009901E-14
6623.38913863968  5.018285E-14
6624.37642671121  4.889123E-14
6625.36371478274  4.187700E-14
6626.35100285427  5.233289E-14
6627.33829092581  5.643108E-14
6628.32557899734  5.447470E-14
6629.31286706887  4.031354E-14
6630.3001551404  5.416414E-14
6631.28744321193  5.449906E-14
6632.27473128346  5.046348E-14
6633.262019355  5.580396E-14
6634.24930742653  2.075540E-14
6635.23659549806  4.478792E-14
6636.22388356959  5.242850E-14
6637.21117164112  5.278144E-14
6638.19845971265  5.916763E-14
6639.18574778418  5.277208E-14
6640.17303585572  4.821948E-14
6641.16032392725  4.829378E-14
6642.14761199878  5.870582E-14
6643.13490007031  5.153891E-14
6644.12218814184  5.058739E-14
6645.10947621337  4.706842E-14
6646.0967642849  4.520570E-14
6647.08405235644  4.054536E-14
6648.07134042797  4.313971E-14
6649.0586284995  4.501458E-14
6650.04591657103  6.245490E-14
6651.03320464256  5.382730E-14
6652.02049271409  4.547067E-14
6653.00778078562  5.453324E-14
6653.99506885716  5.005368E-14
6654.98235692869  6.906670E-14
6655.96964500022  5.983948E-14
6656.95693307175  4.805612E-14
6657.94422114328  4.178539E-14
6658.93150921481  5.176179E-14
6659.91879728634  5.705514E-14
6660.90608535787  4.665594E-14
6661.89337342941  4.153500E-14
6662.88066150094  5.250763E-14
6663.86794957247  4.183164E-14
6664.855237644  5.526437E-14
6665.84252571553  6.099074E-14
6666.82981378706  6.381891E-14
6667.81710185859  5.719005E-14
6668.80438993013  5.544781E-14
6669.79167800166  5.235954E-14
6670.77896607319  4.946417E-14
6671.76625414472  3.885770E-14
6672.75354221625  3.919405E-14
6673.74083028778  5.187509E-14
6674.72811835931  7.285807E-14
6675.71540643085  1.593144E-13
6676.70269450238  3.760209E-13
6677.68998257391  4.732943E-13
6678.67727064544  3.278006E-13
6679.66455871697  1.609422E-13
6680.6518467885  1.034012E-13
6681.63913486004  1.339574E-13
6682.62642293157  1.491360E-13
6683.6137110031  1.092121E-13
6684.60099907463  7.796305E-14
6685.58828714616  4.591721E-14
6686.57557521769  5.351887E-14
6687.56286328922  6.511500E-14
6688.55015136075  4.365494E-14
6689.53743943229  4.058624E-14
6690.52472750382  4.464130E-14
6691.51201557535  5.313552E-14
6692.49930364688  5.893310E-14
6693.48659171841  5.937366E-14
6694.47387978994  4.544083E-14
6695.46116786147  4.492544E-14
6696.44845593301  5.014415E-14
6697.43574400454  4.743963E-14
6698.42303207607  6.735203E-14
6699.4103201476  5.983536E-14
6700.39760821913  4.746222E-14
6701.38489629066  4.774307E-14
6702.37218436219  5.962611E-14
6703.35947243373  7.874434E-14
6704.34676050526  6.249183E-14
6705.33404857679  4.690292E-14
6706.32133664832  5.671740E-14
6707.30862471985  5.924634E-14
6708.29591279138  5.999635E-14
6709.28320086291  5.947323E-14
6710.27048893445  5.952853E-14
6711.25777700598  6.581595E-14
6712.24506507751  7.386761E-14
6713.23235314904  8.064495E-14
6714.21964122057  9.724280E-14
6715.2069292921  1.379812E-13
6716.19421736363  1.673037E-13
6717.18150543517  1.258884E-13
6718.1687935067  7.612717E-14
6719.15608157823  6.911741E-14
6720.14336964976  5.653770E-14
6721.13065772129  6.002259E-14
6722.11794579282  5.752300E-14
6723.10523386435  5.213530E-14
6724.09252193589  6.702133E-14
6725.07981000742  5.855657E-14
6726.06709807895  5.369888E-14
6727.05438615048  6.717813E-14
6728.04167422201  8.596585E-14
6729.02896229354  1.410285E-13
6730.01625036507  2.057366E-13
6731.00353843661  1.931114E-13
6731.99082650814  1.353015E-13
6732.97811457967  8.366049E-14
6733.9654026512  5.938339E-14
6734.95269072273  6.624578E-14
6735.93997879426  6.069370E-14
6736.9272668658  5.916325E-14
6737.91455493732  4.990778E-14
6738.90184300886  5.449930E-14
6739.88913108039  5.836892E-14
6740.87641915192  5.762309E-14
6741.86370722345  5.359871E-14
6742.85099529498  6.272269E-14
6743.83828336651  6.241818E-14
6744.82557143805  5.497128E-14
6745.81285950958  6.066545E-14
6746.80014758111  5.835356E-14
6747.78743565264  6.141702E-14
6748.77472372417  5.682898E-14
6749.7620117957  6.256223E-14
6750.74929986723  6.565165E-14
6751.73658793877  6.678508E-14
6752.7238760103  5.731352E-14
6753.71116408183  5.874169E-14
6754.69845215336  6.348321E-14
6755.68574022489  5.853751E-14
6756.67302829642  6.514967E-14
6757.66031636795  6.473984E-14
6758.64760443949  4.950504E-14
6759.63489251102  6.372305E-14
6760.62218058255  5.895523E-14
6761.60946865408  4.987702E-14
6762.59675672561  3.979123E-14
6763.58404479714  4.271533E-14
6764.57133286867  4.114084E-14
6765.55862094021  5.201151E-14
6766.54590901174  5.712476E-14
6767.53319708327  4.420588E-14
6768.5204851548  3.890227E-14
6769.50777322633  4.282775E-14
6770.49506129786  5.328646E-14
6771.48234936939  4.871466E-14
6772.46963744093  7.078071E-14
6773.45692551246  4.053437E-14
6774.44421358399  3.988958E-14
6775.43150165552  5.602545E-14
6776.41878972705  3.846650E-14
6777.40607779858  5.771296E-14
6778.39336587011  1.182323E-13
6779.38065394165  1.748483E-13
6780.36794201318  8.141575E-14
6781.35523008471  5.045641E-14
6782.34251815624  6.833287E-14
6783.32980622777  6.105796E-14
6784.3170942993  4.735796E-14
6785.30438237084  5.812318E-14
6786.29167044237  5.265617E-14
6787.2789585139  7.159175E-14
6788.26624658543  6.113305E-14
6789.25353465696  5.525948E-14
6790.24082272849  6.680641E-14
6791.22811080002  5.010590E-14
6792.21539887155  7.503336E-14
6793.20268694309  1.067182E-13
6794.18997501462  1.171393E-13
6795.17726308615  1.354017E-13
6796.16455115768  1.541531E-13
6797.15183922921  9.419345E-14
6798.13912730074  6.552239E-14
6799.12641537227  5.659396E-14
6800.11370344381  6.627425E-14
6801.10099151534  9.460900E-14
6802.08827958687  6.964447E-14
6803.0755676584  5.974055E-14
6804.06285572993  6.010405E-14
6805.05014380146  5.501423E-14
6806.03743187299  4.383379E-14
6807.02471994452  4.883319E-14
6808.01200801606  3.947514E-14
6808.99929608759  3.481817E-14
6809.98658415912  4.413402E-14
6810.97387223065  7.366267E-14
6811.96116030218  5.971113E-14
6812.94844837371  4.395257E-14
6813.93573644524  6.189331E-14
6814.92302451678  5.587554E-14
6815.91031258831  5.402693E-14
6816.89760065984  4.868853E-14
6817.88488873137  5.330705E-14
6818.8721768029  4.792600E-14
6819.85946487443  5.592042E-14
6820.84675294597  4.530670E-14
6821.8340410175  4.406336E-14
6822.82132908903  4.958516E-14
6823.80861716056  4.436717E-14
6824.79590523209  5.143113E-14
6825.78319330362  5.456209E-14
6826.77048137515  4.986431E-14
6827.75776944668  4.507525E-14
6828.74505751822  5.245497E-14
6829.73234558975  5.726175E-14
6830.71963366128  5.224124E-14
6831.70692173281  5.592366E-14
6832.69420980434  6.867420E-14
6833.68149787587  6.876596E-14
6834.66878594741  5.531884E-14
6835.65607401894  4.502770E-14
6836.64336209047  4.688206E-14
6837.630650162  4.635933E-14
6838.61793823353  3.869851E-14
6839.60522630506  6.584251E-14
6840.59251437659  5.232358E-14
6841.57980244813  3.215270E-14
6842.56709051966  6.014469E-14
6843.55437859119  4.173631E-14
6844.54166666272  3.328980E-14
6845.52895473425  5.247374E-14
6846.51624280578  5.508016E-14
6847.50353087731  6.420385E-14
6848.49081894884  4.637705E-14
6849.47810702038  4.539801E-14
6850.46539509191  7.179151E-14
6851.45268316344  5.451421E-14
6852.43997123497  4.460451E-14
6853.4272593065  5.572003E-14
6854.41454737803  5.726406E-14
6855.40183544956  6.246488E-14
6856.3891235211  6.654231E-14
6857.37641159263  4.557155E-14
6858.36369966416  3.795280E-14
6859.35098773569  6.534615E-14
6860.33827580722  5.265731E-14
6861.32556387875  4.392041E-14
6862.31285195028  5.983109E-14
6863.30014002182  5.334073E-14
6864.28742809335  4.308359E-14
6865.27471616488  5.935080E-14
6866.26200423641  5.302391E-14
6867.24929230794  3.986963E-14
6868.23658037948  3.417114E-14
6869.223868451  4.653359E-14
6870.21115652254  4.947595E-14
6871.19844459407  3.077911E-14
6872.1857326656  4.081390E-14
6873.17302073713  4.262861E-14
6874.16030880866  5.279764E-14
6875.1475968802  4.957810E-14
6876.13488495173  4.898962E-14
6877.12217302326  5.228424E-14
6878.10946109479  3.501740E-14
6879.09674916632  4.166558E-14
6880.08403723785  4.649312E-14
6881.07132530938  5.147633E-14
6882.05861338091  6.762070E-14
6883.04590145245  5.521919E-14
6884.03318952398  9.426718E-14
6885.02047759551  6.480408E-14
6886.00776566704  4.214564E-14
6886.99505373857  5.852882E-14
6887.9823418101  8.115740E-14
6888.96962988163  9.151269E-14
6889.95691795317  1.309044E-13
6890.9442060247  1.531146E-13
6891.93149409623  1.049046E-13
6892.91878216776  7.487344E-14
6893.90607023929  6.915367E-14
6894.89335831082  4.775046E-14
6895.88064638235  6.383033E-14
6896.86793445388  6.585881E-14
6897.85522252542  5.155365E-14
6898.84251059695  6.373774E-14
6899.82979866848  4.247393E-14
6900.81708674001  4.542132E-14
6901.80437481154  6.841339E-14
6902.79166288307  6.445069E-14
6903.77895095461  6.124818E-14
6904.76623902614  5.238499E-14
6905.75352709767  6.400506E-14
6906.7408151692  7.479190E-14
6907.72810324073  4.138518E-14
6908.71539131226  5.444213E-14
6909.70267938379  3.540184E-14
6910.68996745532  4.584115E-14
6911.67725552686  6.711922E-14
6912.66454359839  5.599459E-14
6913.65183166992  2.653840E-14
6914.63911974145  6.086748E-14
6915.62640781298  6.047029E-14
6916.61369588451  5.159220E-14
6917.60098395604  5.124593E-14
6918.58827202758  5.860707E-14
6919.57556009911  3.743865E-14
6920.56284817064  4.815134E-14
6921.55013624217  3.838840E-14
6922.5374243137  5.701434E-14
6923.52471238523  6.596511E-14
6924.51200045676  7.427050E-14
6925.4992885283  5.708089E-14
6926.48657659983  5.022626E-14
6927.47386467136  4.868019E-14
6928.46115274289  6.329598E-14
6929.44844081442  7.474589E-14
6930.43572888595  6.959669E-14
6931.42301695749  6.314093E-14
6932.41030502902  4.947840E-14
6933.39759310055  4.008107E-14
6934.38488117208  5.000132E-14
6935.37216924361  5.184631E-14
6936.35945731514  4.977175E-14
6937.34674538667  5.030413E-14
6938.3340334582  5.067635E-14
6939.32132152974  4.591980E-14
6940.30860960127  4.852876E-14
6941.2958976728  4.418688E-14
6942.28318574433  4.863868E-14
6943.27047381586  5.745635E-14
6944.25776188739  4.770649E-14
6945.24504995892  5.601175E-14
6946.23233803046  6.036004E-14
6947.21962610199  6.593916E-14
6948.20691417352  6.244822E-14
6949.19420224505  5.951029E-14
6950.18149031658  7.216865E-14
6951.16877838811  6.537881E-14
6952.15606645964  5.898120E-14
6953.14335453118  3.781756E-14
6954.13064260271  3.784845E-14
6955.11793067424  6.201846E-14
6956.10521874577  6.251307E-14
6957.0925068173  5.391841E-14
6958.07979488883  4.600192E-14
6959.06708296036  5.171229E-14
6960.05437103189  6.104447E-14
6961.04165910343  4.039513E-14
6962.02894717496  3.820404E-14
6963.01623524649  3.362147E-14
6964.00352331802  3.076555E-14
6964.99081138955  3.587717E-14
6965.97809946108  4.311978E-14
6966.96538753262  4.288001E-14
6967.95267560415  5.308863E-14
6968.93996367568  5.057147E-14
6969.92725174721  3.486572E-14
6970.91453981874  3.561308E-14
6971.90182789027  2.298334E-14
6972.8891159618  3.198129E-14
6973.87640403334  3.646236E-14
6974.86369210487  3.915480E-14
6975.8509801764  4.374384E-14
6976.83826824793  5.477766E-14
6977.82555631946  4.056883E-14
6978.81284439099  3.760864E-14
6979.80013246252  3.540500E-14
