[d-L2-star-neon-40.00000000.CF.ms.L.fits] 1 765 40.00 1.000  6225.512  6979.800 
 6300.00   9.2380E-10   50.000     8011991.
 6350.00   9.0782E-10   50.000     8458393.
 6400.00   8.9213E-10   50.000     8577520.
 6450.00   8.7670E-10   50.000     8137171.
 6500.00   8.6155E-10   50.000     8154656.
 6550.00   8.4667E-10   50.000     8316805.
 6600.00   8.3205E-10   50.000     8243928.
 6650.00   8.1769E-10   50.000     7932200.
 6700.00   8.0360E-10   50.000     8113996.
 6750.00   7.8975E-10   50.000     8270288.
 6800.00   7.7617E-10   50.000     7762657.
 6850.00   7.6282E-10   50.000     6663278.
 6900.00   7.4973E-10   50.000     6209576.
 6950.00   7.3687E-10   50.000     6870489.
