bdf-L1-sci.00000001.cat 300.0978963 +22.6507781 10339.33 172.4565
bdf-L1-sci.00000002.cat 300.0978899 +22.6507671 10411.44 172.0197
bdf-L1-sci.00000003.cat 300.0979351 +22.6507862 10259.03 171.3373
bdf-L1-sci.00000004.cat 300.0978564 +22.6507739 10209.32 171.5973
bdf-L1-sci.00000005.cat 300.0978853 +22.6508130 10324.73 172.0742
bdf-L1-sci.00000006.cat 300.0978850 +22.6507979 9848.284 171.6334
bdf-L1-sci.00000007.cat 300.0978948 +22.6508353 10394.21 172.9782
bdf-L1-sci.00000008.cat 300.0979208 +22.6507961 9728.971 172.261
bdf-L1-sci.00000009.cat 300.0979074 +22.6508627 10129.85 172.9294
bdf-L1-sci.00000010.cat 300.0978750 +22.6508713 10022.08 172.7029
bdf-L1-sci.00000011.cat 300.0980900 +22.6509132 10127.21 173.3349
bdf-L1-sci.00000012.cat 300.0979125 +22.6508479 9828.129 171.9706
bdf-L1-sci.00000013.cat 300.0978250 +22.6508114 10092.17 172.1169
bdf-L1-sci.00000014.cat 300.0978782 +22.6508539 9817.932 171.2102
bdf-L1-sci.00000015.cat 300.0979182 +22.6508390 10237.98 173.4528
bdf-L1-sci.00000016.cat 300.0979288 +22.6508099 10104.77 173.6421
bdf-L1-sci.00000017.cat 300.0979038 +22.6508445 9905.379 172.9396
bdf-L1-sci.00000018.cat 300.0978866 +22.6508574 9739.833 171.5064
bdf-L1-sci.00000019.cat 300.0979796 +22.6509109 9996.786 170.8062
bdf-L1-sci.00000020.cat 300.0979107 +22.6508695 10067.46 170.4255
bdf-L1-sci.00000021.cat 300.0979385 +22.6508240 10123.16 172.0603
bdf-L1-sci.00000022.cat 300.0978983 +22.6508468 10186.29 170.9663
bdf-L1-sci.00000023.cat 300.0979229 +22.6508144 9793.856 171.1028
bdf-L1-sci.00000024.cat 300.0977548 +22.6504336 10043.54 171.795
bdf-L1-sci.00000025.cat 300.0979119 +22.6509008 9984.667 171.2832
bdf-L1-sci.00000026.cat 300.0978781 +22.6508353 9951.02 171.3023
bdf-L1-sci.00000027.cat 300.0973926 +22.6509320 9814.411 171.7357
bdf-L1-sci.00000028.cat 300.0978919 +22.6508208 9973.885 171.4989
bdf-L1-sci.00000029.cat 300.0979409 +22.6508234 9954.748 171.6953
bdf-L1-sci.00000030.cat 300.0978968 +22.6508445 9767.741 171.5715
bdf-L1-sci.00000031.cat 300.0978874 +22.6508597 9997.53 172.2718
bdf-L1-sci.00000032.cat 300.0979409 +22.6508348 10085.79 171.6616
bdf-L1-sci.00000033.cat 300.0978975 +22.6508956 9894.848 171.9781
bdf-L1-sci.00000034.cat 300.0979193 +22.6508474 9753.407 170.9394
bdf-L1-sci.00000035.cat 300.0978893 +22.6508857 9928.556 171.2874
bdf-L1-sci.00000036.cat 300.0978812 +22.6508167 9785.494 171.5275
bdf-L1-sci.00000037.cat 300.0979281 +22.6507945 10212.46 171.9991
bdf-L1-sci.00000038.cat 300.0979229 +22.6508898 10176.26 171.9484
bdf-L1-sci.00000039.cat 300.0978903 +22.6508390 10013.78 171.3665
bdf-L1-sci.00000040.cat 300.0979279 +22.6507912 9795.308 171.5512
bdf-L1-sci.00000041.cat 300.0979075 +22.6508479 10283.02 171.3925
bdf-L1-sci.00000042.cat 300.0979024 +22.6508419 9840.664 171.1231
bdf-L1-sci.00000043.cat 300.0978828 +22.6508261 9816.726 171.0149
bdf-L1-sci.00000044.cat 300.0979257 +22.6508303 9832.242 171.0579
bdf-L1-sci.00000045.cat 300.0979186 +22.6508430 9842.718 170.7004
bdf-L1-sci.00000046.cat 300.0978875 +22.6507419 10036.24 171.7018
bdf-L1-sci.00000047.cat 300.0978959 +22.6507915 9832.225 170.8907
bdf-L1-sci.00000048.cat 300.0978970 +22.6508313 9914.128 171.4491
bdf-L1-sci.00000049.cat 300.0978800 +22.6508026 9971.768 171.6003
bdf-L1-sci.00000050.cat 300.0978334 +22.6508449 10092.06 171.9934
bdf-L1-sci.00000051.cat 300.0979311 +22.6508441 9723.571 170.8933
bdf-L1-sci.00000052.cat 300.0978415 +22.6508275 9923.383 171.0396
bdf-L1-sci.00000053.cat 300.0978765 +22.6508808 10003.77 171.5748
bdf-L1-sci.00000054.cat 300.0978528 +22.6508212 10038.16 171.3553
bdf-L1-sci.00000055.cat 300.0978936 +22.6508126 10286.07 171.7682
bdf-L1-sci.00000056.cat 300.0979018 +22.6508375 9929.684 171.9581
bdf-L1-sci.00000057.cat 300.0978926 +22.6507509 10301.12 172.0253
bdf-L1-sci.00000058.cat 300.0978879 +22.6508196 10361.17 172.1852
bdf-L1-sci.00000059.cat 300.0979122 +22.6507889 10114.53 172.1041
bdf-L1-sci.00000060.cat 300.0978785 +22.6508141 9940.757 170.8542
bdf-L1-sci.00000061.cat 300.0979342 +22.6508538 10204.74 171.4033
bdf-L1-sci.00000062.cat 300.0979274 +22.6508072 10170.37 171.3168
bdf-L1-sci.00000064.cat 300.0978949 +22.6507753 10042.44 171.6889
bdf-L1-sci.00000065.cat 300.0978289 +22.6508228 9895.444 173.5418
bdf-L1-sci.00000066.cat 300.0979531 +22.6507550 10209.82 172.5742
bdf-L1-sci.00000067.cat 300.0978700 +22.6507935 10311.73 171.844
bdf-L1-sci.00000068.cat 300.0979568 +22.6508615 10298.87 171.9269
bdf-L1-sci.00000069.cat 300.0979028 +22.6508579 10247.99 171.817
bdf-L1-sci.00000070.cat 300.0978641 +22.6507916 9875.392 170.9276
bdf-L1-sci.00000071.cat 300.0978709 +22.6507999 10391.3 172.0827
bdf-L1-sci.00000072.cat 300.0979531 +22.6508063 9817.006 171.4078
bdf-L1-sci.00000073.cat 300.0978952 +22.6508245 9708.443 170.5873
bdf-L1-sci.00000074.cat 300.0978972 +22.6508566 9988.7 171.0085
bdf-L1-sci.00000075.cat 300.0979012 +22.6507975 10054.16 171.4169
bdf-L1-sci.00000076.cat 300.0979284 +22.6508494 10294.71 171.2554
bdf-L1-sci.00000077.cat 300.0979193 +22.6508653 10089.67 170.9707
bdf-L1-sci.00000078.cat 300.0978996 +22.6508520 9755.368 170.9304
bdf-L1-sci.00000079.cat 300.0979158 +22.6508685 9893.091 170.5441
bdf-L1-sci.00000080.cat 300.0979300 +22.6508776 9763.53 170.9538
bdf-L1-sci.00000081.cat 300.0978883 +22.6507968 9877.045 170.7396
bdf-L1-sci.00000082.cat 300.0979083 +22.6508466 9760.301 170.382
bdf-L1-sci.00000083.cat 300.0979643 +22.6507111 10080.47 170.8615
bdf-L1-sci.00000084.cat 300.0978817 +22.6508417 9886.126 170.6606
bdf-L1-sci.00000085.cat 300.0978723 +22.6508815 9787.111 170.7688
bdf-L1-sci.00000086.cat 300.0978804 +22.6508864 9779.612 171.0405
bdf-L1-sci.00000087.cat 300.0978914 +22.6508219 10276.9 171.262
bdf-L1-sci.00000088.cat 300.0979086 +22.6508318 9847.385 170.6805
bdf-L1-sci.00000089.cat 300.0979011 +22.6508578 9747.49 170.4084
bdf-L1-sci.00000090.cat 300.0978823 +22.6508179 9807.853 170.3344
bdf-L1-sci.00000091.cat 300.0979035 +22.6508627 9865.311 170.6113
bdf-L1-sci.00000092.cat 300.0978836 +22.6508338 10034.34 171.5388
bdf-L1-sci.00000093.cat 300.0978773 +22.6508382 10111.02 171.4997
bdf-L1-sci.00000095.cat 300.0978341 +22.6513867 9982.125 171.5306
bdf-L1-sci.00000096.cat 300.0978736 +22.6508173 9903.206 171.165
bdf-L1-sci.00000097.cat 300.0979000 +22.6508322 9794.152 170.3996
bdf-L1-sci.00000098.cat 300.0978767 +22.6508334 10192.21 170.5133
bdf-L1-sci.00000099.cat 300.0978910 +22.6507998 9614.115 169.8555
bdf-L1-sci.00000100.cat 300.0978617 +22.6508163 9948.507 170.2486
bdf-L1-sci.00000101.cat 300.0978910 +22.6508372 9657.067 169.77
bdf-L1-sci.00000102.cat 300.0978901 +22.6508204 9708.148 171.0301
bdf-L1-sci.00000103.cat 300.0978817 +22.6508157 9645.367 171.1753
bdf-L1-sci.00000104.cat 300.0979169 +22.6507939 9996.417 171.1351
bdf-L1-sci.00000105.cat 300.0978630 +22.6508220 9667.564 169.8646
bdf-L1-sci.00000106.cat 300.0978948 +22.6508682 9602.57 169.3763
bdf-L1-sci.00000107.cat 300.0978800 +22.6508597 9870.834 169.7711
bdf-L1-sci.00000108.cat 300.0978835 +22.6513573 10007.62 170.3063
bdf-L1-sci.00000109.cat 300.0978881 +22.6508468 9640.306 170.2021
bdf-L1-sci.00000110.cat 300.0979244 +22.6508245 10163.12 170.3124
bdf-L1-sci.00000111.cat 300.0978775 +22.6513734 10091.77 170.7949
bdf-L1-sci.00000112.cat 300.0978918 +22.6508343 9951.231 170.8121
bdf-L1-sci.00000113.cat 300.0978737 +22.6508196 9723.956 170.7683
bdf-L1-sci.00000114.cat 300.0978908 +22.6508367 10300.71 171.177
bdf-L1-sci.00000115.cat 300.0978457 +22.6507922 9674.403 170.0649
bdf-L1-sci.00000116.cat 300.0978803 +22.6508453 9838.003 170.4621
bdf-L1-sci.00000117.cat 300.0978512 +22.6508206 9885.818 170.6633
bdf-L1-sci.00000118.cat 300.0978307 +22.6513180 9918.963 170.4272
bdf-L1-sci.00000119.cat 300.0978992 +22.6507953 9978.397 171.0247
bdf-L1-sci.00000120.cat 300.0978770 +22.6508221 10116.98 170.9185
bdf-L1-sci.00000121.cat 300.0978969 +22.6508406 9983.647 170.5303
bdf-L1-sci.00000122.cat 300.0978735 +22.6509084 9980.566 170.1378
bdf-L1-sci.00000123.cat 300.0979244 +22.6508606 10011.9 169.7251
bdf-L1-sci.00000124.cat 300.0978917 +22.6508527 10112.68 169.7737
bdf-L1-sci.00000125.cat 300.0978917 +22.6508420 9848.97 170.0112
bdf-L1-sci.00000126.cat 300.0978932 +22.6508253 9890.523 169.9019
bdf-L1-sci.00000127.cat 300.0979350 +22.6508683 10115.62 170.5859
bdf-L1-sci.00000128.cat 300.0979228 +22.6508395 9660.021 169.6658
bdf-L1-sci.00000129.cat 300.0979094 +22.6508489 10002.1 170.3345
bdf-L1-sci.00000130.cat 300.0979340 +22.6508593 10264.28 170.2416
bdf-L1-sci.00000131.cat 300.0978968 +22.6508431 9942.912 169.8342
bdf-L1-sci.00000132.cat 300.0978651 +22.6508189 9675.585 169.7281
bdf-L1-sci.00000133.cat 300.0978929 +22.6508183 9733.763 169.2279
bdf-L1-sci.00000134.cat 300.0978956 +22.6508506 9909.368 169.6822
bdf-L1-sci.00000135.cat 300.0979075 +22.6508450 9846.408 170.0227
bdf-L1-sci.00000136.cat 300.0979092 +22.6508656 9996.215 169.9261
bdf-L1-sci.00000137.cat 300.0979252 +22.6508541 9971.519 169.5106
bdf-L1-sci.00000138.cat 300.0978937 +22.6508391 10003.48 170.4315
bdf-L1-sci.00000139.cat 300.0978890 +22.6508277 9819.956 169.8542
bdf-L1-sci.00000140.cat 300.0979140 +22.6508670 10073.87 170.3137
bdf-L1-sci.00000141.cat 300.0979065 +22.6508690 10042.64 170.0624
bdf-L1-sci.00000142.cat 300.0978395 +22.6513941 9744.81 169.8694
bdf-L1-sci.00000143.cat 300.0979068 +22.6508410 10121.34 170.5051
bdf-L1-sci.00000144.cat 300.0978922 +22.6508130 9718.777 169.6554
bdf-L1-sci.00000145.cat 300.0978461 +22.6508348 9946.517 169.8979
bdf-L1-sci.00000146.cat 300.0979381 +22.6508271 9939.623 170.2286
bdf-L1-sci.00000147.cat 300.0979508 +22.6508614 9808.25 170.1198
bdf-L1-sci.00000148.cat 300.0978764 +22.6508161 10026.03 170.3769
bdf-L1-sci.00000149.cat 300.0979163 +22.6508449 9612.671 169.3321
bdf-L1-sci.00000150.cat 300.0978951 +22.6513397 9992.927 169.5297
bdf-L1-sci.00000151.cat 300.0979139 +22.6508092 9580.709 169.0749
bdf-L1-sci.00000152.cat 300.0979197 +22.6508479 10142.15 170.8512
bdf-L1-sci.00000153.cat 300.0978931 +22.6508545 9613.435 169.8824
bdf-L1-sci.00000154.cat 300.0979143 +22.6508726 9982.072 171.2727
bdf-L1-sci.00000155.cat 300.0978983 +22.6508554 9795.603 170.1797
bdf-L1-sci.00000156.cat 300.0978615 +22.6512981 9709.976 170.6323
bdf-L1-sci.00000157.cat 300.0978949 +22.6508376 10007.18 170.1723
bdf-L1-sci.00000158.cat 300.0978993 +22.6508207 9993.006 170.2073
bdf-L1-sci.00000159.cat 300.0978912 +22.6508622 9722.86 169.934
bdf-L1-sci.00000160.cat 300.0978514 +22.6508190 9951.065 170.7406
bdf-L1-sci.00000161.cat 300.0979478 +22.6508512 10116.51 170.6702
bdf-L1-sci.00000162.cat 300.0979046 +22.6508819 10016.34 170.0664
bdf-L1-sci.00000163.cat 300.0979071 +22.6508531 10021.46 170.5203
bdf-L1-sci.00000164.cat 300.0979651 +22.6508558 10043.85 170.4715
bdf-L1-sci.00000165.cat 300.0978777 +22.6513566 9559.2 169.9581
bdf-L1-sci.00000166.cat 300.0978910 +22.6508260 9914.188 170.0037
bdf-L1-sci.00000167.cat 300.0978841 +22.6508026 9828.048 169.851
bdf-L1-sci.00000168.cat 300.0978947 +22.6508070 9918.981 170.5645
bdf-L1-sci.00000169.cat 300.0978938 +22.6508070 10017.37 170.4922
bdf-L1-sci.00000170.cat 300.0978963 +22.6508038 9924.583 170.2337
bdf-L1-sci.00000171.cat 300.0978737 +22.6508263 10069.59 170.2935
bdf-L1-sci.00000172.cat 300.0978554 +22.6508112 10064.58 169.8529
bdf-L1-sci.00000173.cat 300.0978484 +22.6508898 9770.25 169.0511
bdf-L1-sci.00000174.cat 300.0978664 +22.6508288 9734.39 168.7736
bdf-L1-sci.00000175.cat 300.0978874 +22.6507965 9885.06 169.6732
bdf-L1-sci.00000176.cat 300.0979309 +22.6508116 10012.06 169.6608
bdf-L1-sci.00000177.cat 300.0978653 +22.6508288 9913.111 169.8821
bdf-L1-sci.00000178.cat 300.0978718 +22.6508223 10016.85 170.4078
bdf-L1-sci.00000179.cat 300.0978860 +22.6508389 9977.104 170.144
bdf-L1-sci.00000180.cat 300.0979240 +22.6508280 9996.357 170.3067
bdf-L1-sci.00000181.cat 300.0979170 +22.6508450 10017.34 170.3927
bdf-L1-sci.00000182.cat 300.0979151 +22.6508012 9542.92 169.9296
bdf-L1-sci.00000183.cat 300.0978710 +22.6513631 9569.423 169.8102
bdf-L1-sci.00000184.cat 300.0978556 +22.6507779 9708.792 169.9705
bdf-L1-sci.00000185.cat 300.0978415 +22.6508131 9825.555 170.0719
bdf-L1-sci.00000186.cat 300.0978859 +22.6507959 9838.695 169.9818
bdf-L1-sci.00000187.cat 300.0978471 +22.6508453 9672.114 170.5969
bdf-L1-sci.00000188.cat 300.0979553 +22.6508568 10268.4 171.0527
bdf-L1-sci.00000189.cat 300.0979080 +22.6508401 10005.32 169.925
bdf-L1-sci.00000190.cat 300.0978922 +22.6508388 9958.066 170.4956
bdf-L1-sci.00000191.cat 300.0978925 +22.6508450 9708.238 169.9453
bdf-L1-sci.00000192.cat 300.0978780 +22.6508949 9657.217 169.3471
bdf-L1-sci.00000193.cat 300.0979098 +22.6508510 9711.494 169.9212
bdf-L1-sci.00000194.cat 300.0978996 +22.6507930 9602.458 170.179
bdf-L1-sci.00000195.cat 300.0979035 +22.6508516 9763.891 169.425
bdf-L1-sci.00000196.cat 300.0978835 +22.6508667 9832.807 169.7455
bdf-L1-sci.00000198.cat 300.0978979 +22.6513398 9842.408 169.819
bdf-L1-sci.00000199.cat 300.0978365 +22.6508309 9722.759 169.5952
bdf-L1-sci.00000200.cat 300.0979247 +22.6508855 9399.465 169.8173
bdf-L1-sci.00000201.cat 300.0979034 +22.6508500 9499.511 169.2393
bdf-L1-sci.00000202.cat 300.0978768 +22.6508170 9586.424 169.7368
bdf-L1-sci.00000203.cat 300.0978278 +22.6507832 9995.562 170.4966
bdf-L1-sci.00000204.cat 300.0978902 +22.6507833 9779.665 170.0634
bdf-L1-sci.00000205.cat 300.0978877 +22.6507870 9874.716 169.6786
bdf-L1-sci.00000206.cat 300.0978762 +22.6507998 9921.863 170.7281
bdf-L1-sci.00000207.cat 300.0978871 +22.6513248 9745.011 169.8859
bdf-L1-sci.00000208.cat 300.0979041 +22.6508122 9604.934 169.5374
bdf-L1-sci.00000209.cat 300.0978473 +22.6508263 9431.966 170.1771
bdf-L1-sci.00000210.cat 300.0978743 +22.6508128 9692.491 169.8962
bdf-L1-sci.00000211.cat 300.0978686 +22.6508107 9616.473 169.7485
bdf-L1-sci.00000212.cat 300.0978581 +22.6508179 10117.07 169.8956
bdf-L1-sci.00000213.cat 300.0979053 +22.6507831 10094.08 170.3102
bdf-L1-sci.00000214.cat 300.0978918 +22.6508156 10062.26 170.2877
bdf-L1-sci.00000215.cat 300.0978764 +22.6513183 9535.596 170.0015
bdf-L1-sci.00000216.cat 300.0978822 +22.6508106 9736.467 171.196
bdf-L1-sci.00000217.cat 300.0978924 +22.6513502 9811.097 170.5245
bdf-L1-sci.00000218.cat 300.0978379 +22.6508259 9713.358 170.3585
bdf-L1-sci.00000219.cat 300.0978748 +22.6507684 9278.945 170.2081
bdf-L1-sci.00000220.cat 300.0978723 +22.6508070 9431.718 170.1919
bdf-L1-sci.00000221.cat 300.0979077 +22.6513523 9629.343 170.6207
bdf-L1-sci.00000222.cat 300.0978821 +22.6508563 9916.035 170.7451
bdf-L1-sci.00000223.cat 300.0978396 +22.6507968 9364.195 168.8364
bdf-L1-sci.00000224.cat 300.0978873 +22.6507915 9575.923 169.6182
bdf-L1-sci.00000225.cat 300.0978756 +22.6513164 10010.91 170.3952
bdf-L1-sci.00000226.cat 300.0978573 +22.6513386 9768.625 170.0555
bdf-L1-sci.00000227.cat 300.0979037 +22.6513178 9740.819 169.8632
bdf-L1-sci.00000228.cat 300.0978698 +22.6513471 9428.671 169.2498
bdf-L1-sci.00000229.cat 300.0978801 +22.6513320 10011.38 170.312
bdf-L1-sci.00000230.cat 300.0978770 +22.6513140 9774.02 169.8463
bdf-L1-sci.00000231.cat 300.0978777 +22.6513352 9690.72 169.6749
bdf-L1-sci.00000232.cat 300.0978721 +22.6513461 9818.26 170.2829
bdf-L1-sci.00000233.cat 300.0978944 +22.6513842 9704.193 170.4078
bdf-L1-sci.00000234.cat 300.0978764 +22.6513669 9759.785 170.2405
bdf-L1-sci.00000235.cat 300.0978724 +22.6513771 9947.188 170.2349
bdf-L1-sci.00000236.cat 300.0978597 +22.6513163 9680.476 169.8187
bdf-L1-sci.00000237.cat 300.0978790 +22.6513641 9573.212 169.7859
bdf-L1-sci.00000238.cat 300.0979080 +22.6513100 9381.282 169.2052
bdf-L1-sci.00000239.cat 300.0978693 +22.6513771 9455.023 169.9148
bdf-L1-sci.00000240.cat 300.0978628 +22.6513182 9574.997 170.1431
bdf-L1-sci.00000241.cat 300.0978897 +22.6513814 9801.805 173.1092
bdf-L1-sci.00000242.cat 300.0978695 +22.6513448 9527.229 174.5604
bdf-L1-sci.00000243.cat 300.0978790 +22.6513070 9728.544 170.6622
bdf-L1-sci.00000244.cat 300.0978887 +22.6513415 9521.256 170.3572
bdf-L1-sci.00000245.cat 300.0978739 +22.6513737 9418.932 170.6509
bdf-L1-sci.00000246.cat 300.0978537 +22.6513228 9389.95 170.1299
bdf-L1-sci.00000247.cat 300.0978792 +22.6514013 9411.435 170.0267
bdf-L1-sci.00000248.cat 300.0978940 +22.6513237 9654.864 170.186
bdf-L1-sci.00000249.cat 300.0978957 +22.6513521 9538.974 170.5283
bdf-L1-sci.00000250.cat 300.0978727 +22.6513255 9576.392 169.5764
bdf-L1-sci.00000251.cat 300.0978693 +22.6513525 9388.312 169.6014
bdf-L1-sci.00000252.cat 300.0978531 +22.6513827 9890.896 170.1768
bdf-L1-sci.00000253.cat 300.0978487 +22.6507947 9805.503 170.1283
bdf-L1-sci.00000254.cat 300.0978700 +22.6508161 9933.544 170.587
bdf-L1-sci.00000255.cat 300.0978411 +22.6508091 9523.938 169.9723
bdf-L1-sci.00000256.cat 300.0977878 +22.6513115 9321.255 170.0609
bdf-L1-sci.00000257.cat 300.0979066 +22.6507687 9462.588 169.7462
bdf-L1-sci.00000258.cat 300.0979238 +22.6508202 9857.377 171.2814
bdf-L1-sci.00000259.cat 300.0978909 +22.6507748 9689.985 170.2734
bdf-L1-sci.00000260.cat 300.0978580 +22.6508129 10115.05 170.7293
bdf-L1-sci.00000261.cat 300.0978486 +22.6508084 9924.415 170.718
bdf-L1-sci.00000262.cat 300.0978707 +22.6508046 9607.924 170.2748
bdf-L1-sci.00000263.cat 300.0978790 +22.6513316 9592.808 169.9142
bdf-L1-sci.00000264.cat 300.0978626 +22.6513489 9691.885 170.4135
bdf-L1-sci.00000265.cat 300.0978546 +22.6507906 9782.548 170.3369
bdf-L1-sci.00000266.cat 300.0978652 +22.6513438 9693.402 170.5776
bdf-L1-sci.00000267.cat 300.0978553 +22.6513369 9631.073 170.3849
bdf-L1-sci.00000268.cat 300.0978615 +22.6507850 9745.086 170.5273
bdf-L1-sci.00000269.cat 300.0978879 +22.6508251 9779.528 171.1191
bdf-L1-sci.00000270.cat 300.0978474 +22.6513344 9768.259 170.8186
bdf-L1-sci.00000271.cat 300.0978595 +22.6507707 9330.409 170.5668
bdf-L1-sci.00000272.cat 300.0978565 +22.6513675 9617.849 170.5941
bdf-L1-sci.00000273.cat 300.0978473 +22.6508327 9882.607 171.3402
bdf-L1-sci.00000274.cat 300.0979376 +22.6513039 9680.919 171.042
bdf-L1-sci.00000275.cat 300.0978453 +22.6508116 9375.271 170.0656
bdf-L1-sci.00000276.cat 300.0978881 +22.6513319 9722.022 170.4432
bdf-L1-sci.00000277.cat 300.0978668 +22.6507934 9667.43 170.8207
bdf-L1-sci.00000278.cat 300.0978481 +22.6507932 9585.664 170.4613
bdf-L1-sci.00000279.cat 300.0978637 +22.6507891 9674.569 170.7836
bdf-L1-sci.00000280.cat 300.0978366 +22.6508220 9470.077 170.3109
bdf-L1-sci.00000281.cat 300.0978293 +22.6508162 9653.764 170.8571
bdf-L1-sci.00000282.cat 300.0978705 +22.6507828 9498.991 170.2849
bdf-L1-sci.00000283.cat 300.0978605 +22.6508258 9399.51 170.7417
bdf-L1-sci.00000284.cat 300.0978418 +22.6508149 9969.438 171.5692
bdf-L1-sci.00000285.cat 300.0978472 +22.6507820 9472.083 171.5673
bdf-L1-sci.00000286.cat 300.0978695 +22.6513661 9787.772 171.3595
bdf-L1-sci.00000287.cat 300.0978485 +22.6507749 9603.641 171.13
bdf-L1-sci.00000288.cat 300.0978013 +22.6507218 9656.532 171.0422
bdf-L1-sci.00000289.cat 300.0978465 +22.6507816 9764.644 171.493
bdf-L1-sci.00000290.cat 300.0978948 +22.6512953 9677.505 170.9534
bdf-L1-sci.00000291.cat 300.0978695 +22.6507801 9809.519 171.3024
bdf-L1-sci.00000292.cat 300.0979016 +22.6507751 9568.293 170.9062
bdf-L1-sci.00000293.cat 300.0978696 +22.6507929 9481.815 170.848
bdf-L1-sci.00000294.cat 300.0978470 +22.6508041 9556.185 171.042
bdf-L1-sci.00000295.cat 300.0978588 +22.6513508 9875.397 172.1769
bdf-L1-sci.00000296.cat 300.0978376 +22.6513044 9877.501 172.3642
bdf-L1-sci.00000297.cat 300.0978913 +22.6513360 9788.798 171.6692
bdf-L1-sci.00000298.cat 300.0978378 +22.6513010 9376.299 171.1002
bdf-L1-sci.00000299.cat 300.0978817 +22.6507542 9682.301 171.7635
bdf-L1-sci.00000300.cat 300.0978565 +22.6507915 9632.072 172.1097
bdf-L1-sci.00000301.cat 300.0978889 +22.6508266 9621.523 171.2726
bdf-L1-sci.00000302.cat 300.0978556 +22.6508123 9372.122 171.1738
bdf-L1-sci.00000303.cat 300.0978438 +22.6508078 9822.829 172.2445
bdf-L1-sci.00000304.cat 300.0978299 +22.6507824 9429.03 171.4704
bdf-L1-sci.00000305.cat 300.0978521 +22.6507956 9180.851 171.0049
bdf-L1-sci.00000306.cat 300.0978502 +22.6513440 9357.983 171.5017
bdf-L1-sci.00000307.cat 300.0978194 +22.6507906 9340.651 170.9816
bdf-L1-sci.00000308.cat 300.0979101 +22.6507905 9452.594 171.3552
bdf-L1-sci.00000309.cat 300.0978279 +22.6508273 9559.633 171.5908
bdf-L1-sci.00000310.cat 300.0978308 +22.6508288 9497.567 171.4103
bdf-L1-sci.00000311.cat 300.0978690 +22.6507772 9588.853 171.4409
bdf-L1-sci.00000312.cat 300.0978103 +22.6513271 9085.567 171.2155
bdf-L1-sci.00000313.cat 300.0978992 +22.6507912 9702.965 172.0832
bdf-L1-sci.00000314.cat 300.0978469 +22.6508158 9653.245 172.2897
bdf-L1-sci.00000315.cat 300.0978248 +22.6508033 9294.987 171.5233
bdf-L1-sci.00000316.cat 300.0978505 +22.6507584 9441.211 171.5271
bdf-L1-sci.00000317.cat 300.0978301 +22.6507498 10047.2 172.9673
bdf-L1-sci.00000318.cat 300.0978448 +22.6507334 9523.749 172.0886
bdf-L1-sci.00000319.cat 300.0978374 +22.6507571 9592.137 171.0818
bdf-L1-sci.00000320.cat 300.0979042 +22.6513635 9102.362 170.6893
bdf-L1-sci.00000321.cat 300.0978485 +22.6507762 9833.498 171.557
bdf-L1-sci.00000322.cat 300.0978103 +22.6507909 9834.646 171.4368
bdf-L1-sci.00000323.cat 300.0978669 +22.6513521 9381.092 170.9182
bdf-L1-sci.00000324.cat 300.0978591 +22.6513362 9544.359 171.4246
bdf-L1-sci.00000325.cat 300.0978437 +22.6513065 9447.739 171.1264
bdf-L1-sci.00000326.cat 300.0978261 +22.6513382 9575.042 171.6774
bdf-L1-sci.00000327.cat 300.0978442 +22.6513050 9648.713 171.5467
bdf-L1-sci.00000328.cat 300.0978634 +22.6507353 9388.543 171.3652
bdf-L1-sci.00000329.cat 300.0978078 +22.6508131 9414.421 171.2402
bdf-L1-sci.00000330.cat 300.0978418 +22.6507531 9616.414 171.3883
bdf-L1-sci.00000331.cat 300.0978576 +22.6513025 9470.392 171.5689
bdf-L1-sci.00000332.cat 300.0978572 +22.6507815 9789.457 172.4408
bdf-L1-sci.00000333.cat 300.0978516 +22.6507454 9567.516 172.2828
bdf-L1-sci.00000334.cat 300.0978286 +22.6507862 9606.131 172.0751
bdf-L1-sci.00000335.cat 300.0978573 +22.6507656 9680.607 171.9643
bdf-L1-sci.00000336.cat 300.0977935 +22.6507880 9613.545 172.0411
bdf-L1-sci.00000337.cat 300.0978639 +22.6507538 9638.377 171.9262
bdf-L1-sci.00000338.cat 300.0978116 +22.6508057 9659.789 172.1373
bdf-L1-sci.00000339.cat 300.0978290 +22.6507827 9682.096 172.3086
bdf-L1-sci.00000340.cat 300.0978106 +22.6507967 9619.692 171.6988
bdf-L1-sci.00000341.cat 300.0978448 +22.6513102 9545.559 171.7869
bdf-L1-sci.00000342.cat 300.0978585 +22.6507693 9700.912 172.0612
bdf-L1-sci.00000343.cat 300.0978886 +22.6506987 9914.741 172.5945
bdf-L1-sci.00000344.cat 300.0978299 +22.6507834 9652.73 172.45
bdf-L1-sci.00000345.cat 300.0977427 +22.6513076 9752.521 172.2195
bdf-L1-sci.00000346.cat 300.0978191 +22.6507881 9516.859 172.0612
bdf-L1-sci.00000347.cat 300.0978478 +22.6513366 9627.966 172.2617
bdf-L1-sci.00000348.cat 300.0978864 +22.6512765 9348.132 172.4084
bdf-L1-sci.00000349.cat 300.0978871 +22.6512931 9615.23 171.9332
bdf-L1-sci.00000350.cat 300.0978771 +22.6508054 9338.718 172.2848
bdf-L1-sci.00000351.cat 300.0978740 +22.6508225 9703.765 172.6221
bdf-L1-sci.00000352.cat 300.0978402 +22.6508037 9512.142 172.3273
bdf-L1-sci.00000353.cat 300.0978027 +22.6512833 9964.011 173.4984
bdf-L1-sci.00000354.cat 300.0978293 +22.6507230 9652.765 172.5836
bdf-L1-sci.00000355.cat 300.0978203 +22.6507921 9894.019 172.7453
bdf-L1-sci.00000356.cat 300.0978563 +22.6508308 9473.118 172.1623
bdf-L1-sci.00000357.cat 300.0978470 +22.6507943 9403.975 172.3104
bdf-L1-sci.00000358.cat 300.0978399 +22.6508012 9491.931 172.5764
bdf-L1-sci.00000359.cat 300.0978387 +22.6512651 10000.01 173.201
bdf-L1-sci.00000360.cat 300.0978359 +22.6507727 9247.126 171.9266
bdf-L1-sci.00000361.cat 300.0978457 +22.6507939 9693.749 172.297
bdf-L1-sci.00000362.cat 300.0978008 +22.6513517 9573.068 172.4146
bdf-L1-sci.00000363.cat 300.0978800 +22.6507814 9444.085 172.6621
bdf-L1-sci.00000364.cat 300.0978470 +22.6507684 9393.496 172.07
bdf-L1-sci.00000365.cat 300.0978237 +22.6507637 9725.191 172.8586
bdf-L1-sci.00000366.cat 300.0978660 +22.6513082 9321.349 172.378
bdf-L1-sci.00000367.cat 300.0978640 +22.6507796 9777.578 173.3459
bdf-L1-sci.00000368.cat 300.0978343 +22.6507829 9763.443 172.8799
bdf-L1-sci.00000369.cat 300.0977600 +22.6508810 9782.595 173.2585
bdf-L1-sci.00000370.cat 300.0978500 +22.6507928 9833.164 172.8229
bdf-L1-sci.00000371.cat 300.0978868 +22.6513168 9472.032 172.6201
bdf-L1-sci.00000372.cat 300.0978737 +22.6508099 9587.3 173.0725
bdf-L1-sci.00000373.cat 300.0978596 +22.6513195 9563.962 172.9698
bdf-L1-sci.00000374.cat 300.0978558 +22.6507542 9674.088 173.1063
bdf-L1-sci.00000375.cat 300.0978324 +22.6507879 9730.852 172.7609
bdf-L1-sci.00000376.cat 300.0978343 +22.6508267 9737.062 173.0161
bdf-L1-sci.00000377.cat 300.0977879 +22.6507754 9440.475 172.3888
bdf-L1-sci.00000378.cat 300.0978353 +22.6513263 9472.24 172.9414
bdf-L1-sci.00000379.cat 300.0978342 +22.6507985 9633.222 173.018
bdf-L1-sci.00000380.cat 300.0978861 +22.6513249 9779.553 173.8183
bdf-L1-sci.00000381.cat 300.0978360 +22.6508170 9517.188 172.9169
bdf-L1-sci.00000382.cat 300.0978368 +22.6507765 9650.678 173.7764
bdf-L1-sci.00000383.cat 300.0978425 +22.6513025 9669.32 173.4321
bdf-L1-sci.00000384.cat 300.0978071 +22.6507968 9579.943 173.3076
bdf-L1-sci.00000385.cat 300.0978678 +22.6513114 9643.729 174.0302
bdf-L1-sci.00000386.cat 300.0978770 +22.6507373 9423.066 172.7566
bdf-L1-sci.00000387.cat 300.0978504 +22.6513206 9791.429 174.2606
bdf-L1-sci.00000388.cat 300.0978747 +22.6507936 9421.514 173.0889
bdf-L1-sci.00000389.cat 300.0978113 +22.6507858 9675.065 173.992
bdf-L1-sci.00000390.cat 300.0978583 +22.6508043 9530.482 173.4211
bdf-L1-sci.00000391.cat 300.0978038 +22.6507937 9537.408 173.4001
bdf-L1-sci.00000392.cat 300.0978573 +22.6512717 9473.159 173.3518
bdf-L1-sci.00000393.cat 300.0978754 +22.6508156 9185.614 173.1
bdf-L1-sci.00000394.cat 300.0978642 +22.6512964 9835.376 174.2066
bdf-L1-sci.00000395.cat 300.0978190 +22.6507559 9485.978 173.5974
bdf-L1-sci.00000396.cat 300.0978551 +22.6507489 9575.029 173.4944
bdf-L1-sci.00000397.cat 300.0978438 +22.6507853 9546.056 173.2751
bdf-L1-sci.00000398.cat 300.0978650 +22.6513209 9055.338 172.9477
bdf-L1-sci.00000399.cat 300.0978180 +22.6507994 9670.924 174.6552
bdf-L1-sci.00000400.cat 300.0979084 +22.6507585 9207.791 173.3433
bdf-L1-sci.00000401.cat 300.0978698 +22.6507774 9515.814 173.8046
bdf-L1-sci.00000402.cat 300.0978512 +22.6507920 9450.806 173.3905
bdf-L1-sci.00000403.cat 300.0978142 +22.6513264 9600.398 174.3718
bdf-L1-sci.00000404.cat 300.0978163 +22.6508255 9490.606 173.3933
bdf-L1-sci.00000405.cat 300.0978606 +22.6513117 9340.851 173.9944
bdf-L1-sci.00000406.cat 300.0979267 +22.6507607 9522.848 174.1255
bdf-L1-sci.00000407.cat 300.0978135 +22.6507877 9401.752 175.7803
bdf-L1-sci.00000408.cat 300.0978396 +22.6507925 9470.513 175.0155
bdf-L1-sci.00000409.cat 300.0978442 +22.6512920 9228.716 175.059
bdf-L1-sci.00000410.cat 300.0978700 +22.6508423 9675.176 175.4127
bdf-L1-sci.00000411.cat 300.0978629 +22.6508045 9360.659 174.8136
bdf-L1-sci.00000412.cat 300.0977946 +22.6507661 9155.864 174.4342
bdf-L1-sci.00000413.cat 300.0978273 +22.6507739 9204.863 174.6055
bdf-L1-sci.00000414.cat 300.0978686 +22.6507950 9537.945 175.101
bdf-L1-sci.00000415.cat 300.0978401 +22.6513528 9376.164 175.4971
bdf-L1-sci.00000416.cat 300.0977899 +22.6513300 9222.967 175.6888
bdf-L1-sci.00000417.cat 300.0978606 +22.6507448 9607.535 175.0513
bdf-L1-sci.00000418.cat 300.0978905 +22.6508268 9539.03 175.404
bdf-L1-sci.00000419.cat 300.0978854 +22.6513068 9576.463 175.0521
bdf-L1-sci.00000420.cat 300.0977924 +22.6508227 9206.775 174.7218
bdf-L1-sci.00000421.cat 300.0979024 +22.6507657 9348.196 174.9629
bdf-L1-sci.00000422.cat 300.0978373 +22.6507913 9273.182 175.8677
bdf-L1-sci.00000423.cat 300.0978656 +22.6507845 9559.319 176.5078
bdf-L1-sci.00000424.cat 300.0978628 +22.6507255 9176.719 176.2009
bdf-L1-sci.00000425.cat 300.0978951 +22.6507506 9567.168 176.9836
bdf-L1-sci.00000426.cat 300.0978284 +22.6508028 9417.1 176.16
bdf-L1-sci.00000427.cat 300.0979156 +22.6507922 9752.36 176.1891
bdf-L1-sci.00000428.cat 300.0978137 +22.6508430 9375.745 176.5849
bdf-L1-sci.00000429.cat 300.0978873 +22.6508366 9151.854 175.9573
bdf-L1-sci.00000430.cat 300.0978254 +22.6508017 9476.61 176.5947
bdf-L1-sci.00000431.cat 300.0978957 +22.6507667 9184.724 175.9187
bdf-L1-sci.00000432.cat 300.0979440 +22.6508409 9109.954 176.1805
bdf-L1-sci.00000433.cat 300.0978435 +22.6508025 9582.751 176.8788
bdf-L1-sci.00000434.cat 300.0978560 +22.6508518 9286.749 176.335
bdf-L1-sci.00000435.cat 300.0978546 +22.6507922 9410.467 175.7749
bdf-L1-sci.00000436.cat 300.0978735 +22.6508611 9506.049 174.9904
bdf-L1-sci.00000437.cat 300.0978353 +22.6508313 9340.455 175.2523
bdf-L1-sci.00000438.cat 300.0978451 +22.6508019 9188.558 175.3618
bdf-L1-sci.00000439.cat 300.0978655 +22.6508038 9243.487 175.5556
bdf-L1-sci.00000440.cat 300.0978576 +22.6508006 9593.881 175.7358
bdf-L1-sci.00000441.cat 300.0978298 +22.6508192 9428.328 175.4693
bdf-L1-sci.00000442.cat 300.0978280 +22.6507953 9705.522 175.8927
bdf-L1-sci.00000443.cat 300.0978410 +22.6508134 9391.399 175.3725
bdf-L1-sci.00000444.cat 300.0978401 +22.6508097 9230.99 175.8941
bdf-L1-sci.00000445.cat 300.0978405 +22.6508562 9463.589 175.9859
bdf-L1-sci.00000446.cat 300.0978847 +22.6507563 9509.588 175.759
bdf-L1-sci.00000447.cat 300.0977091 +22.6508661 9612.244 176.3168
bdf-L1-sci.00000448.cat 300.0978733 +22.6508547 9313.262 175.5668
bdf-L1-sci.00000449.cat 300.0978662 +22.6508759 9489.614 175.7878
bdf-L1-sci.00000450.cat 300.0978435 +22.6508546 9443.248 175.4934
bdf-L1-sci.00000451.cat 300.0979625 +22.6508741 9285.879 175.8922
bdf-L1-sci.00000452.cat 300.0978441 +22.6508175 9490.463 176.4179
bdf-L1-sci.00000453.cat 300.0978724 +22.6508545 9801.262 176.64
bdf-L1-sci.00000454.cat 300.0979040 +22.6507988 9373.13 176.3031
bdf-L1-sci.00000455.cat 300.0978955 +22.6509073 9395.312 175.9665
bdf-L1-sci.00000456.cat 300.0978784 +22.6508256 9220.454 175.7248
bdf-L1-sci.00000457.cat 300.0978865 +22.6508009 9530.835 176.5171
bdf-L1-sci.00000458.cat 300.0978491 +22.6508051 9441.638 176.5019
bdf-L1-sci.00000459.cat 300.0978426 +22.6508343 9425.861 176.4359
bdf-L1-sci.00000460.cat 300.0978539 +22.6508196 9411.528 176.9965
bdf-L1-sci.00000461.cat 300.0978892 +22.6508160 9519.275 177.2486
bdf-L1-sci.00000462.cat 300.0978475 +22.6508644 9367.068 177.5746
bdf-L1-sci.00000463.cat 300.0978279 +22.6507599 9028.168 177.772
bdf-L1-sci.00000464.cat 300.0978722 +22.6513201 9294.907 177.8117
bdf-L1-sci.00000465.cat 300.0978782 +22.6507733 8974.18 177.9339
bdf-L1-sci.00000466.cat 300.0978313 +22.6508366 9163.791 177.9527
bdf-L1-sci.00000467.cat 300.0979404 +22.6508081 8822.843 177.8308
bdf-L1-sci.00000468.cat 300.0978501 +22.6508153 9299.506 178.4653
bdf-L1-sci.00000469.cat 300.0978650 +22.6508086 9392.484 179.3395
bdf-L1-sci.00000470.cat 300.0978587 +22.6508246 9476.548 179.1812
bdf-L1-sci.00000471.cat 300.0978949 +22.6507778 9026.473 179.487
bdf-L1-sci.00000472.cat 300.0978501 +22.6507803 8827.407 178.8407
bdf-L1-sci.00000473.cat 300.0978683 +22.6508100 8847.683 178.7896
bdf-L1-sci.00000474.cat 300.0978958 +22.6508249 9080.098 179.3573
bdf-L1-sci.00000475.cat 300.0978672 +22.6508572 9040.425 179.9269
bdf-L1-sci.00000476.cat 300.0978586 +22.6508341 9099.69 179.5408
bdf-L1-sci.00000477.cat 300.0978547 +22.6508391 8720.709 179.7403
bdf-L1-sci.00000478.cat 300.0978433 +22.6508558 8449.094 178.509
bdf-L1-sci.00000479.cat 300.0978905 +22.6508104 8894.604 179.2406
bdf-L1-sci.00000480.cat 300.0978683 +22.6508422 9026.677 179.4901
bdf-L1-sci.00000481.cat 300.0978821 +22.6508486 9079.396 178.989
bdf-L1-sci.00000482.cat 300.0978220 +22.6508240 9088.865 180.232
bdf-L1-sci.00000483.cat 300.0978833 +22.6507802 9140.346 179.3997
bdf-L1-sci.00000484.cat 300.0978395 +22.6508241 9463.369 180.029
bdf-L1-sci.00000485.cat 300.0978777 +22.6508269 9446.854 177.1144
bdf-L1-sci.00000486.cat 300.0979042 +22.6508015 9318.78 176.8556
bdf-L1-sci.00000487.cat 300.0978732 +22.6508006 9237.476 177.2897
bdf-L1-sci.00000488.cat 300.0978489 +22.6508742 9580.587 178.177
bdf-L1-sci.00000489.cat 300.0978890 +22.6508345 9314.822 177.6366
bdf-L1-sci.00000490.cat 300.0979362 +22.6508612 9476.589 178.4041
bdf-L1-sci.00000491.cat 300.0978361 +22.6508511 9150.171 177.5022
bdf-L1-sci.00000492.cat 300.0978829 +22.6507941 9444.571 177.392
bdf-L1-sci.00000493.cat 300.0979040 +22.6508474 8900.869 177.5884
bdf-L1-sci.00000494.cat 300.0978324 +22.6508059 9433.468 177.8935
bdf-L1-sci.00000495.cat 300.0978516 +22.6507991 9193.951 177.2497
bdf-L1-sci.00000496.cat 300.0978698 +22.6508125 9280.238 178.3351
bdf-L1-sci.00000497.cat 300.0978321 +22.6508441 9320.802 178.4212
bdf-L1-sci.00000498.cat 300.0978377 +22.6508298 9318.433 177.6994
bdf-L1-sci.00000499.cat 300.0978482 +22.6508378 9014.169 178.044
bdf-L1-sci.00000500.cat 300.0978607 +22.6508003 9325.921 177.909
bdf-L1-sci.00000501.cat 300.0978662 +22.6507899 9089.788 177.7941
bdf-L1-sci.00000502.cat 300.0978521 +22.6507872 9365.991 178.5383
bdf-L1-sci.00000503.cat 300.0978904 +22.6508372 9429.57 177.7609
bdf-L1-sci.00000504.cat 300.0978797 +22.6508026 9282.387 177.6398
bdf-L1-sci.00000505.cat 300.0978890 +22.6507955 9171.506 177.8442
bdf-L1-sci.00000506.cat 300.0978386 +22.6508456 9298.378 177.4097
bdf-L1-sci.00000507.cat 300.0978579 +22.6508578 9318.675 177.8528
bdf-L1-sci.00000508.cat 300.0978674 +22.6507929 9158.628 177.22
bdf-L1-sci.00000509.cat 300.0978908 +22.6507826 8866.802 177.0537
bdf-L1-sci.00000510.cat 300.0978560 +22.6508267 9182.059 177.3587
bdf-L1-sci.00000511.cat 300.0978391 +22.6508176 9038.898 176.118
bdf-L1-sci.00000512.cat 300.0978628 +22.6507798 9607.252 177.0845
bdf-L1-sci.00000513.cat 300.0978302 +22.6508429 9510.439 176.4909
bdf-L1-sci.00000514.cat 300.0979212 +22.6508453 9108.5 176.5934
bdf-L1-sci.00000515.cat 300.0978451 +22.6508461 9231.284 176.7312
bdf-L1-sci.00000516.cat 300.0978386 +22.6508133 9220.476 176.9412
bdf-L1-sci.00000517.cat 300.0978586 +22.6507970 9254.176 177.4813
bdf-L1-sci.00000518.cat 300.0978552 +22.6508256 9057.955 177.4846
bdf-L1-sci.00000519.cat 300.0978477 +22.6508287 9041.403 177.9818
bdf-L1-sci.00000520.cat 300.0978709 +22.6508235 9065.139 177.8961
bdf-L1-sci.00000521.cat 300.0978551 +22.6508740 8862.377 177.302
bdf-L1-sci.00000522.cat 300.0978204 +22.6508586 8795.337 176.3441
bdf-L1-sci.00000523.cat 300.0979197 +22.6508443 8806.24 176.4941
bdf-L1-sci.00000524.cat 300.0980009 +22.6508017 9185.803 177.6285
bdf-L1-sci.00000525.cat 300.0978936 +22.6508139 8935.845 176.6521
bdf-L1-sci.00000526.cat 300.0978507 +22.6508377 8744.623 176.9051
bdf-L1-sci.00000527.cat 300.0979063 +22.6508042 8959.635 177.1398
bdf-L1-sci.00000528.cat 300.0978615 +22.6508494 9197.872 177.2762
bdf-L1-sci.00000529.cat 300.0979238 +22.6508513 8763.452 176.5349
bdf-L1-sci.00000530.cat 300.0978937 +22.6508039 8875.814 177.0709
bdf-L1-sci.00000531.cat 300.0978962 +22.6508039 8993.954 176.8748
bdf-L1-sci.00000532.cat 300.0978952 +22.6508156 9267.29 177.2412
bdf-L1-sci.00000533.cat 300.0978844 +22.6508195 9366.059 177.2729
bdf-L1-sci.00000534.cat 300.0978979 +22.6508398 9367.726 177.8304
bdf-L1-sci.00000535.cat 300.0978928 +22.6508536 9109.133 177.9078
bdf-L1-sci.00000536.cat 300.0979334 +22.6508196 8872.611 177.358
bdf-L1-sci.00000538.cat 300.0978769 +22.6508395 8854.577 176.1901
bdf-L1-sci.00000539.cat 300.0979395 +22.6508195 9074.541 176.6932
bdf-L1-sci.00000540.cat 300.0978319 +22.6508214 9242.538 176.6774
bdf-L1-sci.00000541.cat 300.0980410 +22.6507604 9251.531 176.7082
bdf-L1-sci.00000542.cat 300.0978175 +22.6508075 9253.272 176.4899
bdf-L1-sci.00000543.cat 300.0980181 +22.6508249 9028.51 176.603
bdf-L1-sci.00000544.cat 300.0980066 +22.6508098 8798.092 177.2322
bdf-L1-sci.00000545.cat 300.0978861 +22.6508038 8904.669 177.4546
bdf-L1-sci.00000546.cat 300.0978962 +22.6508074 6000.286 179.1471
bdf-L1-sci.00000547.cat 300.0978396 +22.6507780 3535.267 180.5299
bdf-L1-sci.00000548.cat 300.0979190 +22.6508269 2926.943 178.3024
bdf-L1-sci.00000549.cat 300.0979508 +22.6509548 2766.097 179.3994
bdf-L1-sci.00000561.cat 300.0979292 +22.6507748 6575.324 180.7892
bdf-L1-sci.00000562.cat 300.0979027 +22.6507769 9007.128 177.7981
bdf-L1-sci.00000563.cat 300.0978340 +22.6507814 9133.822 177.4373
bdf-L1-sci.00000564.cat 300.0978808 +22.6507959 8388.064 176.7958
bdf-L1-sci.00000566.cat 300.0978707 +22.6508277 8858.304 177.1642
bdf-L1-sci.00000567.cat 300.0979055 +22.6507740 8554.512 176.2141
bdf-L1-sci.00000568.cat 300.0978761 +22.6507879 8656.659 176.3617
bdf-L1-sci.00000569.cat 300.0979082 +22.6508322 8819.707 176.7843
bdf-L1-sci.00000570.cat 300.0979006 +22.6507961 9075.85 177.1858
bdf-L1-sci.00000571.cat 300.0978642 +22.6508236 8792.754 177.0081
bdf-L1-sci.00000572.cat 300.0978934 +22.6507712 8993.171 176.7935
bdf-L1-sci.00000573.cat 300.0978490 +22.6508433 9094.405 177.0754
bdf-L1-sci.00000574.cat 300.0978726 +22.6508348 9214.438 177.0214
bdf-L1-sci.00000575.cat 300.0978746 +22.6508111 9125.238 177.1205
bdf-L1-sci.00000576.cat 300.0978926 +22.6508231 9181.029 177.5972
bdf-L1-sci.00000577.cat 300.0979316 +22.6508190 9204.615 177.4061
bdf-L1-sci.00000578.cat 300.0979103 +22.6508005 9106.417 177.305
bdf-L1-sci.00000579.cat 300.0979029 +22.6508134 8781.704 177.1494
bdf-L1-sci.00000580.cat 300.0978946 +22.6507866 8876.928 177.1524
bdf-L1-sci.00000581.cat 300.0979262 +22.6508039 9142.477 177.4393
bdf-L1-sci.00000582.cat 300.0978425 +22.6508099 9139.322 177.8327
bdf-L1-sci.00000583.cat 300.0978683 +22.6508218 9346.655 177.7551
bdf-L1-sci.00000584.cat 300.0978457 +22.6508678 9029.75 177.5928
bdf-L1-sci.00000585.cat 300.0978662 +22.6508869 8879.39 177.2224
bdf-L1-sci.00000586.cat 300.0978092 +22.6513133 9255.367 177.6574
bdf-L1-sci.00000587.cat 300.0978328 +22.6507944 9062.413 177.3636
bdf-L1-sci.00000588.cat 300.0978373 +22.6508210 8740.811 177.3501
bdf-L1-sci.00000589.cat 300.0978596 +22.6508110 9062.537 177.4136
bdf-L1-sci.00000590.cat 300.0978462 +22.6508146 8578.424 177.0074
bdf-L1-sci.00000591.cat 300.0978418 +22.6508194 9123.277 177.5853
bdf-L1-sci.00000592.cat 300.0978650 +22.6508014 8883.589 177.3003
bdf-L1-sci.00000593.cat 300.0978380 +22.6507837 8854.062 177.5621
bdf-L1-sci.00000594.cat 300.0979299 +22.6508729 8692.865 177.128
