bdf-L1-sci.00000001.cat 300.0623838 +22.8643960 10590.08 172.8121
bdf-L1-sci.00000002.cat 300.0624354 +22.8644211 10537.92 172.2034
bdf-L1-sci.00000003.cat 300.0624391 +22.8643917 10354.82 171.5291
bdf-L1-sci.00000004.cat 300.0624296 +22.8644120 10304.18 171.7429
bdf-L1-sci.00000005.cat 300.0624172 +22.8643948 10513.62 172.3111
bdf-L1-sci.00000006.cat 300.0623958 +22.8644943 10245.86 172.1965
bdf-L1-sci.00000007.cat 300.0624855 +22.8644891 10753.96 173.4974
bdf-L1-sci.00000008.cat 300.0624441 +22.8645209 10401.66 173.2872
bdf-L1-sci.00000009.cat 300.0623485 +22.8645820 10488.01 173.4239
bdf-L1-sci.00000010.cat 300.0624360 +22.8644268 10612.03 173.5774
bdf-L1-sci.00000011.cat 300.0615518 +22.8640348 18786.55 185.4324
bdf-L1-sci.00000012.cat 300.0624512 +22.8645421 10690.45 173.2121
bdf-L1-sci.00000013.cat 300.0623336 +22.8643479 10747.83 173.0517
bdf-L1-sci.00000014.cat 300.0624512 +22.8645048 10269.84 171.8613
bdf-L1-sci.00000015.cat 300.0624912 +22.8644857 10540.08 173.8952
bdf-L1-sci.00000016.cat 300.0624281 +22.8644025 10499.22 174.0499
bdf-L1-sci.00000017.cat 300.0624382 +22.8645139 10397.28 173.6115
bdf-L1-sci.00000018.cat 300.0623762 +22.8644522 10302.12 172.3766
bdf-L1-sci.00000019.cat 300.0625326 +22.8644885 10704.62 171.8465
bdf-L1-sci.00000020.cat 300.0624802 +22.8644994 10127.25 170.5132
bdf-L1-sci.00000021.cat 300.0624646 +22.8644872 10404.39 172.4909
bdf-L1-sci.00000022.cat 300.0624819 +22.8644612 10421.63 171.3175
bdf-L1-sci.00000023.cat 300.0624711 +22.8644630 10518.49 172.1435
bdf-L1-sci.00000024.cat 300.0623859 +22.8641163 10622.02 172.4779
bdf-L1-sci.00000025.cat 300.0625030 +22.8644417 10293.38 171.7033
bdf-L1-sci.00000026.cat 300.0624671 +22.8643908 10861.23 172.7371
bdf-L1-sci.00000027.cat 300.0625908 +22.8644535 6802.627 167.2476
bdf-L1-sci.00000028.cat 300.0624492 +22.8645347 10251.5 171.948
bdf-L1-sci.00000029.cat 300.0624394 +22.8644531 10656.94 172.6848
bdf-L1-sci.00000030.cat 300.0623974 +22.8644310 10918.37 173.1878
bdf-L1-sci.00000031.cat 300.0624018 +22.8644176 10799.59 173.4168
bdf-L1-sci.00000032.cat 300.0624823 +22.8645425 10969.68 172.9589
bdf-L1-sci.00000033.cat 300.0624590 +22.8644852 10167.12 172.3884
bdf-L1-sci.00000034.cat 300.0624460 +22.8644763 10617.49 172.2357
bdf-L1-sci.00000035.cat 300.0624277 +22.8644668 10345.81 171.9102
bdf-L1-sci.00000036.cat 300.0624475 +22.8644867 10809.96 173.059
bdf-L1-sci.00000037.cat 300.0624834 +22.8644408 10813.56 172.8408
bdf-L1-sci.00000038.cat 300.0624397 +22.8644421 10481.94 172.3848
bdf-L1-sci.00000039.cat 300.0624583 +22.8644764 10291.23 171.8678
bdf-L1-sci.00000040.cat 300.0624691 +22.8645061 10279.11 172.3147
bdf-L1-sci.00000041.cat 300.0624259 +22.8644752 10600.85 171.9074
bdf-L1-sci.00000042.cat 300.0624490 +22.8645071 10304.22 171.8065
bdf-L1-sci.00000043.cat 300.0624168 +22.8644943 10161.93 171.5188
bdf-L1-sci.00000044.cat 300.0624724 +22.8645432 10271.8 171.7364
bdf-L1-sci.00000045.cat 300.0624739 +22.8644708 9971.127 170.9705
bdf-L1-sci.00000046.cat 300.0624891 +22.8644826 10126.98 171.8638
bdf-L1-sci.00000047.cat 300.0624471 +22.8645049 10645.87 172.1289
bdf-L1-sci.00000048.cat 300.0624115 +22.8645344 10321.63 171.9974
bdf-L1-sci.00000049.cat 300.0624187 +22.8645003 10642.65 172.5899
bdf-L1-sci.00000050.cat 300.0624415 +22.8644949 10404.45 172.4244
bdf-L1-sci.00000051.cat 300.0625569 +22.8644769 10471.47 172.0063
bdf-L1-sci.00000052.cat 300.0623957 +22.8645142 9055.367 169.8039
bdf-L1-sci.00000053.cat 300.0624592 +22.8645164 10140.91 171.8119
bdf-L1-sci.00000054.cat 300.0624759 +22.8644516 10786.85 172.4665
bdf-L1-sci.00000055.cat 300.0624498 +22.8644939 10042.01 171.3528
bdf-L1-sci.00000056.cat 300.0624862 +22.8645010 10772.33 173.1265
bdf-L1-sci.00000057.cat 300.0625226 +22.8644981 10161.83 171.7704
bdf-L1-sci.00000058.cat 300.0625161 +22.8644614 10238.35 171.9993
bdf-L1-sci.00000059.cat 300.0623961 +22.8644029 10552 172.7459
bdf-L1-sci.00000060.cat 300.0624518 +22.8645008 10203.14 171.2451
bdf-L1-sci.00000061.cat 300.0623824 +22.8644385 10548.36 171.926
bdf-L1-sci.00000062.cat 300.0624777 +22.8644517 9936.853 170.9682
bdf-L1-sci.00000064.cat 300.0624088 +22.8644108 10611.04 172.5447
bdf-L1-sci.00000065.cat 300.0625006 +22.8644355 10133.86 173.9077
bdf-L1-sci.00000066.cat 300.0624236 +22.8644284 10919.27 173.5914
bdf-L1-sci.00000067.cat 300.0624325 +22.8644687 10306.2 171.8434
bdf-L1-sci.00000068.cat 300.0623371 +22.8643747 11199.83 173.1653
bdf-L1-sci.00000069.cat 300.0623713 +22.8644427 9829.344 171.2142
bdf-L1-sci.00000070.cat 300.0622945 +22.8644675 10579.99 171.8733
bdf-L1-sci.00000071.cat 300.0624238 +22.8644930 10144.99 171.7619
bdf-L1-sci.00000072.cat 300.0624009 +22.8645420 10149.9 171.8777
bdf-L1-sci.00000073.cat 300.0623982 +22.8645201 10242.79 171.3761
bdf-L1-sci.00000074.cat 300.0624110 +22.8644758 10731.65 172.1208
bdf-L1-sci.00000075.cat 300.0624258 +22.8644567 10200.03 171.6444
bdf-L1-sci.00000076.cat 300.0625161 +22.8644609 10447.83 171.3601
bdf-L1-sci.00000077.cat 300.0624401 +22.8644933 10400.49 171.4246
bdf-L1-sci.00000078.cat 300.0624747 +22.8644673 10571.87 172.0981
bdf-L1-sci.00000079.cat 300.0624866 +22.8645144 10368.72 171.2622
bdf-L1-sci.00000080.cat 300.0624822 +22.8644728 10624.68 172.0597
bdf-L1-sci.00000081.cat 300.0623753 +22.8644197 10314.19 171.3934
bdf-L1-sci.00000082.cat 300.0624546 +22.8645018 10519.83 171.4558
bdf-L1-sci.00000083.cat 300.0625077 +22.8643697 10611.04 171.6361
bdf-L1-sci.00000084.cat 300.0624171 +22.8645024 10525.16 171.5793
bdf-L1-sci.00000085.cat 300.0624534 +22.8644478 10901.44 172.422
bdf-L1-sci.00000086.cat 300.0624487 +22.8645208 10711 172.2775
bdf-L1-sci.00000087.cat 300.0624134 +22.8645009 9911.234 170.7722
bdf-L1-sci.00000088.cat 300.0624717 +22.8644875 10311.44 171.2473
bdf-L1-sci.00000089.cat 300.0623872 +22.8644847 10015.1 170.957
bdf-L1-sci.00000090.cat 300.0625410 +22.8644787 10205.74 170.9917
bdf-L1-sci.00000091.cat 300.0624834 +22.8644955 10320.14 171.3284
bdf-L1-sci.00000092.cat 300.0624394 +22.8644337 10107.03 171.6597
bdf-L1-sci.00000093.cat 300.0624359 +22.8644606 10419.18 171.9335
bdf-L1-sci.00000095.cat 300.0625332 +22.8644431 10387.71 172.1207
bdf-L1-sci.00000096.cat 300.0624700 +22.8644621 10286.42 171.7387
bdf-L1-sci.00000097.cat 300.0624413 +22.8644485 10101.62 170.8947
bdf-L1-sci.00000098.cat 300.0623745 +22.8644634 10485.13 171.0235
bdf-L1-sci.00000099.cat 300.0623986 +22.8644192 9746.019 170.0421
bdf-L1-sci.00000100.cat 300.0624665 +22.8644724 9992.814 170.3582
bdf-L1-sci.00000101.cat 300.0623994 +22.8644419 10630.97 171.1834
bdf-L1-sci.00000102.cat 300.0624902 +22.8644456 10170.97 171.7127
bdf-L1-sci.00000103.cat 300.0623738 +22.8644648 10227.1 171.918
bdf-L1-sci.00000104.cat 300.0624490 +22.8643849 10446.68 171.7916
bdf-L1-sci.00000105.cat 300.0623988 +22.8644927 10132.18 170.547
bdf-L1-sci.00000106.cat 300.0624726 +22.8644391 10295.85 170.522
bdf-L1-sci.00000107.cat 300.0624630 +22.8644222 10090.63 170.1832
bdf-L1-sci.00000108.cat 300.0625416 +22.8644765 10517.01 171.082
bdf-L1-sci.00000109.cat 300.0623596 +22.8643184 10571.87 171.6094
bdf-L1-sci.00000110.cat 300.0624755 +22.8644557 10346.9 170.582
bdf-L1-sci.00000111.cat 300.0625312 +22.8644586 10319.78 171.1506
bdf-L1-sci.00000112.cat 300.0625048 +22.8644872 10285.56 171.271
bdf-L1-sci.00000113.cat 300.0624087 +22.8644559 10384.13 171.7097
bdf-L1-sci.00000114.cat 300.0624426 +22.8645036 10544.59 171.607
bdf-L1-sci.00000115.cat 300.0624301 +22.8644001 10008.49 170.5553
bdf-L1-sci.00000116.cat 300.0624712 +22.8643920 10213.23 170.9967
bdf-L1-sci.00000117.cat 300.0624237 +22.8644418 10206.76 171.1328
bdf-L1-sci.00000118.cat 300.0625297 +22.8644712 10297.39 170.9814
bdf-L1-sci.00000119.cat 300.0623980 +22.8644536 10105.16 171.1503
bdf-L1-sci.00000120.cat 300.0624423 +22.8644513 10101.49 170.8661
bdf-L1-sci.00000121.cat 300.0624721 +22.8644498 10505.84 171.2793
bdf-L1-sci.00000122.cat 300.0624599 +22.8644333 10086.02 170.3074
bdf-L1-sci.00000123.cat 300.0624844 +22.8644941 10309.58 170.1483
bdf-L1-sci.00000124.cat 300.0624572 +22.8644833 10447.9 170.2519
bdf-L1-sci.00000125.cat 300.0624170 +22.8645098 10428.13 170.6391
bdf-L1-sci.00000126.cat 300.0624545 +22.8645143 10194.47 170.3337
bdf-L1-sci.00000127.cat 300.0624434 +22.8644315 10684.7 171.4179
bdf-L1-sci.00000128.cat 300.0624766 +22.8644884 10087.18 170.3088
bdf-L1-sci.00000129.cat 300.0624674 +22.8644398 10862.55 171.5191
bdf-L1-sci.00000130.cat 300.0625056 +22.8645045 10627.7 170.7745
bdf-L1-sci.00000131.cat 300.0624601 +22.8644858 10312.9 170.4001
bdf-L1-sci.00000132.cat 300.0624338 +22.8644778 10621.42 171.1008
bdf-L1-sci.00000133.cat 300.0624391 +22.8644714 10531.62 170.5421
bdf-L1-sci.00000134.cat 300.0624278 +22.8644787 10504.43 170.6229
bdf-L1-sci.00000135.cat 300.0624910 +22.8645243 10248.5 170.5241
bdf-L1-sci.00000136.cat 300.0624673 +22.8644716 10530.52 170.7251
bdf-L1-sci.00000137.cat 300.0624376 +22.8644925 10231.28 169.9006
bdf-L1-sci.00000138.cat 300.0624674 +22.8644580 10400.65 170.9688
bdf-L1-sci.00000139.cat 300.0624507 +22.8644792 10661.52 171.0884
bdf-L1-sci.00000140.cat 300.0624816 +22.8645127 10680.79 171.2097
bdf-L1-sci.00000141.cat 300.0624539 +22.8644449 10488.68 170.9162
bdf-L1-sci.00000142.cat 300.0624002 +22.8645076 10700.78 171.2411
bdf-L1-sci.00000143.cat 300.0624272 +22.8644954 10291.68 170.7769
bdf-L1-sci.00000144.cat 300.0624586 +22.8643825 10456.03 170.6941
bdf-L1-sci.00000145.cat 300.0624753 +22.8644422 9951.016 170.0082
bdf-L1-sci.00000146.cat 300.0624088 +22.8644162 10396.69 170.869
bdf-L1-sci.00000147.cat 300.0623930 +22.8644393 10552.06 171.2168
bdf-L1-sci.00000148.cat 300.0624076 +22.8643992 10870.76 171.6193
bdf-L1-sci.00000149.cat 300.0624134 +22.8644689 10724.64 170.9439
bdf-L1-sci.00000150.cat 300.0625471 +22.8644627 10270.7 169.9315
bdf-L1-sci.00000151.cat 300.0624029 +22.8643934 10437.67 170.308
bdf-L1-sci.00000152.cat 300.0624806 +22.8644742 10054.23 170.5961
bdf-L1-sci.00000153.cat 300.0624604 +22.8644491 9981.503 170.4083
bdf-L1-sci.00000154.cat 300.0624547 +22.8644585 10292.29 171.7175
bdf-L1-sci.00000155.cat 300.0624839 +22.8644806 10152.41 170.7105
bdf-L1-sci.00000156.cat 300.0625214 +22.8643907 10252.22 171.5068
bdf-L1-sci.00000157.cat 300.0624376 +22.8644617 9887.881 170.0637
bdf-L1-sci.00000158.cat 300.0623988 +22.8644928 10350.21 170.7164
bdf-L1-sci.00000159.cat 300.0624289 +22.8644512 10603.91 171.0777
bdf-L1-sci.00000160.cat 300.0624008 +22.8645055 10428.15 171.408
bdf-L1-sci.00000161.cat 300.0624797 +22.8644800 10220.91 170.7415
bdf-L1-sci.00000162.cat 300.0624529 +22.8645325 10379.54 170.6068
bdf-L1-sci.00000163.cat 300.0624060 +22.8645090 10586.29 171.206
bdf-L1-sci.00000164.cat 300.0624417 +22.8644873 11161.19 172.1023
bdf-L1-sci.00000165.cat 300.0624932 +22.8644712 10503.58 171.2084
bdf-L1-sci.00000166.cat 300.0624465 +22.8644651 10231.18 170.632
bdf-L1-sci.00000167.cat 300.0624462 +22.8644438 10393.57 170.615
bdf-L1-sci.00000168.cat 300.0624313 +22.8645304 10397.1 171.3158
bdf-L1-sci.00000169.cat 300.0624369 +22.8644702 10241.07 170.8569
bdf-L1-sci.00000170.cat 300.0623554 +22.8644728 10808.36 171.5341
bdf-L1-sci.00000171.cat 300.0624359 +22.8644407 10199.5 170.4914
bdf-L1-sci.00000172.cat 300.0624811 +22.8643866 10078.5 169.9251
bdf-L1-sci.00000173.cat 300.0624481 +22.8644544 10751.62 170.4962
bdf-L1-sci.00000174.cat 300.0624752 +22.8644127 10330.59 169.7131
bdf-L1-sci.00000175.cat 300.0624528 +22.8644417 10078.54 169.9802
bdf-L1-sci.00000176.cat 300.0623999 +22.8644606 10569.11 170.5163
bdf-L1-sci.00000177.cat 300.0624070 +22.8644668 10552.75 170.7766
bdf-L1-sci.00000178.cat 300.0625148 +22.8644584 10552.2 171.1323
bdf-L1-sci.00000179.cat 300.0624176 +22.8644516 10252.78 170.5412
bdf-L1-sci.00000180.cat 300.0624665 +22.8644666 10441.25 170.9659
bdf-L1-sci.00000181.cat 300.0624622 +22.8644833 10343.81 170.8784
bdf-L1-sci.00000182.cat 300.0624795 +22.8643827 10698.39 171.5989
bdf-L1-sci.00000183.cat 300.0625264 +22.8644318 10926.4 171.7817
bdf-L1-sci.00000184.cat 300.0624456 +22.8644758 10056.22 170.4585
bdf-L1-sci.00000185.cat 300.0624623 +22.8644772 10166.23 170.6164
bdf-L1-sci.00000186.cat 300.0624836 +22.8644811 10297.17 170.6548
bdf-L1-sci.00000187.cat 300.0624171 +22.8644923 10218.37 171.3881
bdf-L1-sci.00000188.cat 300.0624594 +22.8645380 10286.45 171.131
bdf-L1-sci.00000189.cat 300.0624469 +22.8645072 10528.45 170.6266
bdf-L1-sci.00000190.cat 300.0624312 +22.8644386 10234.48 170.9153
bdf-L1-sci.00000191.cat 300.0624390 +22.8644138 10192.33 170.6485
bdf-L1-sci.00000192.cat 300.0624357 +22.8645499 10228.99 170.1523
bdf-L1-sci.00000193.cat 300.0624680 +22.8644869 10179.13 170.6226
bdf-L1-sci.00000194.cat 300.0624567 +22.8644359 10252.75 171.1019
bdf-L1-sci.00000195.cat 300.0624508 +22.8644814 10391.22 170.3849
bdf-L1-sci.00000196.cat 300.0624537 +22.8644780 10061.92 170.053
bdf-L1-sci.00000198.cat 300.0625643 +22.8644937 10895.21 171.2151
bdf-L1-sci.00000199.cat 300.0623468 +22.8644314 10288 170.4338
bdf-L1-sci.00000200.cat 300.0624865 +22.8644815 10627.17 171.7412
bdf-L1-sci.00000201.cat 300.0624655 +22.8645106 10280.81 170.4929
bdf-L1-sci.00000202.cat 300.0624543 +22.8644717 9814.399 170.0277
bdf-L1-sci.00000203.cat 300.0624044 +22.8644928 9824.241 170.2675
bdf-L1-sci.00000204.cat 300.0624156 +22.8644247 10386.01 171.0191
bdf-L1-sci.00000205.cat 300.0624503 +22.8644749 9974.445 169.7959
bdf-L1-sci.00000206.cat 300.0624271 +22.8644655 9907.904 170.7077
bdf-L1-sci.00000207.cat 300.0625314 +22.8645081 10112.03 170.3807
bdf-L1-sci.00000208.cat 300.0624498 +22.8644704 10026.16 170.1056
bdf-L1-sci.00000209.cat 300.0624274 +22.8644220 9815.083 170.724
bdf-L1-sci.00000210.cat 300.0624035 +22.8644085 10149.03 170.5815
bdf-L1-sci.00000211.cat 300.0624277 +22.8644571 9960.093 170.3058
bdf-L1-sci.00000212.cat 300.0624851 +22.8644951 10105.53 169.8786
bdf-L1-sci.00000213.cat 300.0624496 +22.8644140 10249.7 170.5089
bdf-L1-sci.00000214.cat 300.0624398 +22.8644606 10423.04 170.8092
bdf-L1-sci.00000215.cat 300.0625003 +22.8645178 10169.29 170.9011
bdf-L1-sci.00000216.cat 300.0624317 +22.8644962 10170.91 171.8592
bdf-L1-sci.00000217.cat 300.0625540 +22.8645248 10224.55 171.1519
bdf-L1-sci.00000218.cat 300.0624497 +22.8644269 10109.02 170.9828
bdf-L1-sci.00000219.cat 300.0624636 +22.8645112 10395.88 171.8706
bdf-L1-sci.00000220.cat 300.0624105 +22.8644334 9904.074 170.9068
bdf-L1-sci.00000221.cat 300.0625472 +22.8644762 10394.88 171.6717
bdf-L1-sci.00000222.cat 300.0624612 +22.8644778 10276.41 171.272
bdf-L1-sci.00000223.cat 300.0623727 +22.8644409 10539.39 170.6338
bdf-L1-sci.00000224.cat 300.0624486 +22.8644746 10323.2 170.7826
bdf-L1-sci.00000225.cat 300.0624989 +22.8644915 10031.91 170.4482
bdf-L1-sci.00000226.cat 300.0625395 +22.8644694 9980.238 170.3663
bdf-L1-sci.00000227.cat 300.0625811 +22.8644069 9904.05 170.1404
bdf-L1-sci.00000228.cat 300.0624993 +22.8644666 10303.37 170.5443
bdf-L1-sci.00000229.cat 300.0625353 +22.8645103 9506.11 169.6581
bdf-L1-sci.00000230.cat 300.0625789 +22.8644287 9882.836 170.0064
bdf-L1-sci.00000231.cat 300.0625441 +22.8645124 10025.42 170.197
bdf-L1-sci.00000232.cat 300.0625097 +22.8644111 10751.81 171.4561
bdf-L1-sci.00000233.cat 300.0625354 +22.8644429 10515.97 171.5723
bdf-L1-sci.00000234.cat 300.0625528 +22.8644710 9985.397 170.6235
bdf-L1-sci.00000235.cat 300.0625206 +22.8644339 10196.31 170.4004
bdf-L1-sci.00000236.cat 300.0625204 +22.8644675 10315.51 170.751
bdf-L1-sci.00000237.cat 300.0625055 +22.8644599 10433.03 171.0621
bdf-L1-sci.00000238.cat 300.0625085 +22.8644888 10199.57 170.5728
bdf-L1-sci.00000239.cat 300.0625887 +22.8644465 10055.83 170.7296
bdf-L1-sci.00000240.cat 300.0625595 +22.8644823 10131.69 170.9517
bdf-L1-sci.00000241.cat 300.0625799 +22.8644725 10363.84 173.9493
bdf-L1-sci.00000242.cat 300.0625161 +22.8644385 10214.27 175.5878
bdf-L1-sci.00000243.cat 300.0625002 +22.8645148 9362.76 170.2006
bdf-L1-sci.00000244.cat 300.0625460 +22.8644712 9771.598 170.7392
bdf-L1-sci.00000245.cat 300.0625104 +22.8644402 10768.45 172.5719
bdf-L1-sci.00000246.cat 300.0625403 +22.8644685 10402.71 171.5745
bdf-L1-sci.00000247.cat 300.0625288 +22.8644888 10035.87 171.0319
bdf-L1-sci.00000248.cat 300.0625037 +22.8644365 9869.147 170.3814
bdf-L1-sci.00000249.cat 300.0625079 +22.8644663 9963.969 171.1876
bdf-L1-sci.00000250.cat 300.0625148 +22.8644577 9928.941 170.1176
bdf-L1-sci.00000251.cat 300.0625023 +22.8644905 10263.96 170.9763
bdf-L1-sci.00000252.cat 300.0625413 +22.8644709 10168.22 170.6949
bdf-L1-sci.00000253.cat 300.0624676 +22.8644341 10276.56 170.9229
bdf-L1-sci.00000254.cat 300.0624012 +22.8644338 10317.89 171.1196
bdf-L1-sci.00000255.cat 300.0624107 +22.8644200 9940.661 170.5915
bdf-L1-sci.00000256.cat 300.0624706 +22.8644426 10112.56 171.1754
bdf-L1-sci.00000257.cat 300.0624949 +22.8644403 10020.85 170.4774
bdf-L1-sci.00000258.cat 300.0624571 +22.8643697 10877.72 172.7419
bdf-L1-sci.00000259.cat 300.0624014 +22.8644528 10046.08 170.736
bdf-L1-sci.00000260.cat 300.0624258 +22.8643830 10118.93 170.6978
bdf-L1-sci.00000261.cat 300.0624001 +22.8644606 9881.703 170.566
bdf-L1-sci.00000262.cat 300.0624641 +22.8645057 10419.11 171.4394
bdf-L1-sci.00000263.cat 300.0625362 +22.8644690 9763.682 170.2101
bdf-L1-sci.00000264.cat 300.0625297 +22.8644870 10252.46 171.2487
bdf-L1-sci.00000265.cat 300.0623545 +22.8644769 10262.53 171.0102
bdf-L1-sci.00000266.cat 300.0625060 +22.8645087 10128.9 171.0508
bdf-L1-sci.00000267.cat 300.0624897 +22.8644836 10014.09 170.9162
bdf-L1-sci.00000268.cat 300.0623968 +22.8645326 9938.815 170.8782
bdf-L1-sci.00000269.cat 300.0624222 +22.8644213 10314.37 171.9436
bdf-L1-sci.00000270.cat 300.0625520 +22.8643954 10145.27 171.3323
bdf-L1-sci.00000271.cat 300.0624462 +22.8644873 10105.48 171.7215
bdf-L1-sci.00000272.cat 300.0624347 +22.8645481 10258.37 171.5377
bdf-L1-sci.00000273.cat 300.0624064 +22.8644287 10134.09 171.7217
bdf-L1-sci.00000274.cat 300.0625757 +22.8644628 10013.29 171.572
bdf-L1-sci.00000275.cat 300.0624568 +22.8644863 10069.12 170.9707
bdf-L1-sci.00000276.cat 300.0625213 +22.8644531 9867.205 170.6858
bdf-L1-sci.00000277.cat 300.0623791 +22.8644398 10383.1 171.8277
bdf-L1-sci.00000278.cat 300.0624396 +22.8644172 9981.597 171.0336
bdf-L1-sci.00000279.cat 300.0624264 +22.8644946 10346.72 171.6902
bdf-L1-sci.00000280.cat 300.0624748 +22.8644863 10186.66 171.3521
bdf-L1-sci.00000281.cat 300.0624103 +22.8644580 9890.466 171.1282
bdf-L1-sci.00000282.cat 300.0624057 +22.8644743 10268.66 171.4037
bdf-L1-sci.00000283.cat 300.0624617 +22.8643919 10160.29 171.8745
bdf-L1-sci.00000284.cat 300.0624521 +22.8644249 9814.813 171.3587
bdf-L1-sci.00000285.cat 300.0624123 +22.8644672 9805.606 172.0979
bdf-L1-sci.00000286.cat 300.0624727 +22.8644888 9913.313 171.565
bdf-L1-sci.00000287.cat 300.0623699 +22.8644245 10026.04 171.6934
bdf-L1-sci.00000288.cat 300.0624520 +22.8644559 9890.689 171.3616
bdf-L1-sci.00000289.cat 300.0624409 +22.8644440 9979.803 171.8364
bdf-L1-sci.00000290.cat 300.0625009 +22.8645126 10443.75 172.1449
bdf-L1-sci.00000291.cat 300.0623487 +22.8644315 10121.62 171.7199
bdf-L1-sci.00000292.cat 300.0624193 +22.8644135 10628.54 172.4501
bdf-L1-sci.00000293.cat 300.0624415 +22.8643614 10384.16 172.0438
bdf-L1-sci.00000294.cat 300.0623960 +22.8643577 9870.415 171.4857
bdf-L1-sci.00000295.cat 300.0624645 +22.8645160 10280.67 172.7493
bdf-L1-sci.00000296.cat 300.0625998 +22.8644839 9446.422 171.715
bdf-L1-sci.00000297.cat 300.0625137 +22.8644569 10038.1 172.0995
bdf-L1-sci.00000298.cat 300.0625053 +22.8644940 9998.162 171.9914
bdf-L1-sci.00000299.cat 300.0623784 +22.8645042 9989.76 172.2104
bdf-L1-sci.00000300.cat 300.0623601 +22.8644516 10273.85 173.0093
bdf-L1-sci.00000301.cat 300.0623965 +22.8643898 10607.84 172.7138
bdf-L1-sci.00000302.cat 300.0624244 +22.8645003 10244.02 172.4199
bdf-L1-sci.00000303.cat 300.0624626 +22.8645178 10510.05 173.1789
bdf-L1-sci.00000304.cat 300.0623861 +22.8643654 9814.769 172.0319
bdf-L1-sci.00000305.cat 300.0623677 +22.8644444 10149.58 172.4077
bdf-L1-sci.00000306.cat 300.0624694 +22.8644854 10042.81 172.5272
bdf-L1-sci.00000307.cat 300.0625144 +22.8643939 10283.73 172.34
bdf-L1-sci.00000308.cat 300.0624125 +22.8644665 10332.12 172.6261
bdf-L1-sci.00000309.cat 300.0624242 +22.8644025 9995.704 172.2325
bdf-L1-sci.00000310.cat 300.0624966 +22.8644539 9516.4 171.4302
bdf-L1-sci.00000311.cat 300.0624796 +22.8644238 10192.27 172.266
bdf-L1-sci.00000312.cat 300.0624885 +22.8644858 10200.91 172.7911
bdf-L1-sci.00000313.cat 300.0623031 +22.8644643 9989.592 172.5444
bdf-L1-sci.00000314.cat 300.0623932 +22.8644804 10285.71 173.1899
bdf-L1-sci.00000315.cat 300.0623680 +22.8644002 10165.2 172.787
bdf-L1-sci.00000316.cat 300.0624740 +22.8644624 9892.995 172.1844
bdf-L1-sci.00000317.cat 300.0623859 +22.8643697 10215.6 173.0365
bdf-L1-sci.00000318.cat 300.0624309 +22.8643671 10292.19 173.1787
bdf-L1-sci.00000319.cat 300.0624147 +22.8644555 10182.42 171.9497
bdf-L1-sci.00000320.cat 300.0625676 +22.8644214 10233.69 172.466
bdf-L1-sci.00000321.cat 300.0624300 +22.8643457 10413.45 172.3103
bdf-L1-sci.00000322.cat 300.0624449 +22.8644024 10321.05 172.2196
bdf-L1-sci.00000323.cat 300.0624832 +22.8644835 9776.053 171.5326
bdf-L1-sci.00000324.cat 300.0624947 +22.8644883 10152.78 172.257
bdf-L1-sci.00000325.cat 300.0624937 +22.8643997 9895.516 171.7342
bdf-L1-sci.00000326.cat 300.0625081 +22.8645123 10003.33 172.383
bdf-L1-sci.00000327.cat 300.0624989 +22.8644801 9916.082 171.981
bdf-L1-sci.00000328.cat 300.0624302 +22.8644256 9858.259 171.936
bdf-L1-sci.00000329.cat 300.0623795 +22.8644888 10128.16 172.2941
bdf-L1-sci.00000330.cat 300.0624796 +22.8644528 9899.445 171.9136
bdf-L1-sci.00000331.cat 300.0624396 +22.8645025 9722.851 171.944
bdf-L1-sci.00000332.cat 300.0623778 +22.8645274 9768.927 172.3656
bdf-L1-sci.00000333.cat 300.0623991 +22.8643893 9604.144 172.3208
bdf-L1-sci.00000334.cat 300.0624362 +22.8643668 10261.13 173.077
bdf-L1-sci.00000335.cat 300.0624982 +22.8644908 10063.55 172.5352
bdf-L1-sci.00000336.cat 300.0624305 +22.8644683 9908.89 172.4698
bdf-L1-sci.00000337.cat 300.0624185 +22.8644530 10345.07 172.9583
bdf-L1-sci.00000338.cat 300.0624278 +22.8644165 10339.19 173.0609
bdf-L1-sci.00000339.cat 300.0624114 +22.8644416 9974.645 172.5735
bdf-L1-sci.00000340.cat 300.0624246 +22.8643773 10461.4 172.9425
bdf-L1-sci.00000341.cat 300.0624756 +22.8644322 10083.67 172.6059
bdf-L1-sci.00000342.cat 300.0623983 +22.8644619 9932.063 172.427
bdf-L1-sci.00000343.cat 300.0624542 +22.8645115 10853.97 173.9496
bdf-L1-sci.00000344.cat 300.0624252 +22.8644135 10110.4 173.1198
bdf-L1-sci.00000345.cat 300.0624903 +22.8644893 10266.21 172.9485
bdf-L1-sci.00000346.cat 300.0625046 +22.8644294 9911.107 172.6407
bdf-L1-sci.00000347.cat 300.0625208 +22.8644371 9841.57 172.4501
bdf-L1-sci.00000348.cat 300.0624753 +22.8645018 10127.55 173.5957
bdf-L1-sci.00000349.cat 300.0625255 +22.8644967 10199.76 172.8187
bdf-L1-sci.00000350.cat 300.0623875 +22.8644601 10170.31 173.548
bdf-L1-sci.00000351.cat 300.0625279 +22.8642618 10638.13 173.97
bdf-L1-sci.00000352.cat 300.0624209 +22.8644298 10512.8 173.7578
bdf-L1-sci.00000353.cat 300.0625794 +22.8644627 9737.301 173.1562
bdf-L1-sci.00000354.cat 300.0624423 +22.8644842 10099.78 173.2223
bdf-L1-sci.00000355.cat 300.0624520 +22.8644451 10226.03 173.1647
bdf-L1-sci.00000356.cat 300.0624478 +22.8644249 9943.078 172.8207
bdf-L1-sci.00000357.cat 300.0624310 +22.8644723 10090.98 173.2739
bdf-L1-sci.00000358.cat 300.0624948 +22.8644148 10072.91 173.4084
bdf-L1-sci.00000359.cat 300.0625137 +22.8644486 9699.265 172.774
bdf-L1-sci.00000360.cat 300.0623996 +22.8644640 9988.015 172.993
bdf-L1-sci.00000361.cat 300.0624086 +22.8644551 9988.896 172.8306
bdf-L1-sci.00000362.cat 300.0624565 +22.8644615 10194.23 173.3507
bdf-L1-sci.00000363.cat 300.0625193 +22.8643527 10179.59 173.7162
bdf-L1-sci.00000364.cat 300.0624298 +22.8644148 10198.5 173.2659
bdf-L1-sci.00000365.cat 300.0623979 +22.8643907 9985.364 173.1889
bdf-L1-sci.00000366.cat 300.0624755 +22.8644083 10185.99 173.5592
bdf-L1-sci.00000367.cat 300.0623810 +22.8644274 9857.176 173.4454
bdf-L1-sci.00000368.cat 300.0624966 +22.8644284 10438.82 173.8766
bdf-L1-sci.00000369.cat 300.0624398 +22.8644355 9968.556 173.6182
bdf-L1-sci.00000370.cat 300.0625306 +22.8644520 9883.783 172.8505
bdf-L1-sci.00000371.cat 300.0625552 +22.8644834 10131.79 173.4818
bdf-L1-sci.00000372.cat 300.0624463 +22.8644144 10327.06 174.153
bdf-L1-sci.00000373.cat 300.0624789 +22.8644442 10161.83 173.8318
bdf-L1-sci.00000374.cat 300.0624634 +22.8644982 9748.327 173.2364
bdf-L1-sci.00000375.cat 300.0624594 +22.8644307 10012.35 173.2437
bdf-L1-sci.00000376.cat 300.0624050 +22.8644000 10143.35 173.6934
bdf-L1-sci.00000377.cat 300.0624226 +22.8644954 9926.729 173.1153
bdf-L1-sci.00000378.cat 300.0624709 +22.8644939 10195.14 173.9756
bdf-L1-sci.00000379.cat 300.0625303 +22.8644597 10055.32 173.703
bdf-L1-sci.00000380.cat 300.0624843 +22.8644681 10652.93 175.0852
bdf-L1-sci.00000381.cat 300.0623903 +22.8644133 9958.306 173.5458
bdf-L1-sci.00000382.cat 300.0623697 +22.8644618 9894.291 174.1342
bdf-L1-sci.00000383.cat 300.0625329 +22.8645133 9853.77 173.5984
bdf-L1-sci.00000384.cat 300.0624377 +22.8644598 9965.109 173.977
bdf-L1-sci.00000385.cat 300.0625230 +22.8644844 9707.407 174.1294
bdf-L1-sci.00000386.cat 300.0624660 +22.8645103 10026.47 173.6352
bdf-L1-sci.00000387.cat 300.0624693 +22.8644644 9963.502 174.4151
bdf-L1-sci.00000388.cat 300.0624646 +22.8643767 9911.055 173.7563
bdf-L1-sci.00000389.cat 300.0625100 +22.8644213 10514.8 175.011
bdf-L1-sci.00000390.cat 300.0624723 +22.8644562 10187.19 174.4492
bdf-L1-sci.00000391.cat 300.0624691 +22.8644055 9734.666 173.7994
bdf-L1-sci.00000392.cat 300.0625031 +22.8644915 9569.974 173.476
bdf-L1-sci.00000393.cat 300.0623263 +22.8644147 10704.2 175.2871
bdf-L1-sci.00000394.cat 300.0624841 +22.8644580 10133.29 174.5876
bdf-L1-sci.00000395.cat 300.0624329 +22.8644871 10024.15 174.4321
bdf-L1-sci.00000396.cat 300.0623908 +22.8644579 9834.043 173.8213
bdf-L1-sci.00000397.cat 300.0623164 +22.8644087 10005.8 173.9525
bdf-L1-sci.00000398.cat 300.0624493 +22.8644606 9887.731 174.1621
bdf-L1-sci.00000399.cat 300.0624968 +22.8644748 9776.722 174.8143
bdf-L1-sci.00000400.cat 300.0623875 +22.8644040 9947.372 174.3913
bdf-L1-sci.00000401.cat 300.0623456 +22.8644202 10476.32 175.1884
bdf-L1-sci.00000402.cat 300.0624273 +22.8644428 9917.275 174.1001
bdf-L1-sci.00000403.cat 300.0625150 +22.8643917 10338.25 175.4956
bdf-L1-sci.00000404.cat 300.0623694 +22.8644197 10111.29 174.2554
bdf-L1-sci.00000405.cat 300.0624880 +22.8644544 10505.25 175.6135
bdf-L1-sci.00000406.cat 300.0624177 +22.8643465 10709.27 175.8819
bdf-L1-sci.00000407.cat 300.0624562 +22.8644166 10117.88 176.7179
bdf-L1-sci.00000408.cat 300.0624478 +22.8643422 9928.48 175.684
bdf-L1-sci.00000409.cat 300.0625409 +22.8644436 9448.981 175.2795
bdf-L1-sci.00000410.cat 300.0624798 +22.8644524 9917.034 175.8114
bdf-L1-sci.00000411.cat 300.0623973 +22.8644171 10096.14 175.8777
bdf-L1-sci.00000412.cat 300.0624724 +22.8644096 10015.99 175.6781
bdf-L1-sci.00000413.cat 300.0625186 +22.8644644 9741.017 175.3404
bdf-L1-sci.00000414.cat 300.0624092 +22.8644520 10084.3 175.8639
bdf-L1-sci.00000415.cat 300.0625561 +22.8644372 10016.36 176.3912
bdf-L1-sci.00000416.cat 300.0624742 +22.8644307 10062.84 176.8721
bdf-L1-sci.00000417.cat 300.0624704 +22.8644289 9555.474 174.9459
bdf-L1-sci.00000418.cat 300.0624024 +22.8644593 10369.86 176.4836
bdf-L1-sci.00000419.cat 300.0624526 +22.8644935 9626.59 175.1237
bdf-L1-sci.00000420.cat 300.0625093 +22.8644431 9955.945 175.8138
bdf-L1-sci.00000421.cat 300.0624262 +22.8644197 10127.43 176.0495
bdf-L1-sci.00000422.cat 300.0623600 +22.8643364 9570.754 176.2824
bdf-L1-sci.00000423.cat 300.0625585 +22.8644519 9836.627 176.9158
bdf-L1-sci.00000424.cat 300.0624517 +22.8644769 10019.11 177.4077
bdf-L1-sci.00000425.cat 300.0625036 +22.8643961 10350.12 178.1018
bdf-L1-sci.00000426.cat 300.0625187 +22.8644073 9759.135 176.5898
bdf-L1-sci.00000427.cat 300.0624558 +22.8644265 9944.373 176.477
bdf-L1-sci.00000428.cat 300.0624884 +22.8644754 9775.891 177.0247
bdf-L1-sci.00000429.cat 300.0624957 +22.8644107 10080.77 177.382
bdf-L1-sci.00000430.cat 300.0625128 +22.8644548 9629.573 176.7795
bdf-L1-sci.00000431.cat 300.0624149 +22.8644172 9752.35 176.7706
bdf-L1-sci.00000432.cat 300.0624637 +22.8645384 9952.344 177.364
bdf-L1-sci.00000433.cat 300.0625021 +22.8644261 10046.21 177.5248
bdf-L1-sci.00000434.cat 300.0624310 +22.8645269 9929.118 177.2434
bdf-L1-sci.00000435.cat 300.0623862 +22.8645258 9926.575 176.4997
bdf-L1-sci.00000436.cat 300.0624408 +22.8644906 10109.57 175.8892
bdf-L1-sci.00000437.cat 300.0625059 +22.8644775 9859.497 176.0769
bdf-L1-sci.00000438.cat 300.0625808 +22.8644641 9714.782 176.0478
bdf-L1-sci.00000439.cat 300.0624394 +22.8644082 9918.052 176.498
bdf-L1-sci.00000440.cat 300.0624440 +22.8644548 9886.858 176.2847
bdf-L1-sci.00000441.cat 300.0624585 +22.8643062 9974.191 176.2686
bdf-L1-sci.00000442.cat 300.0625404 +22.8644194 9766.717 175.9874
bdf-L1-sci.00000443.cat 300.0624843 +22.8644618 9879.531 176.0903
bdf-L1-sci.00000444.cat 300.0624572 +22.8644145 9568.139 176.4041
bdf-L1-sci.00000445.cat 300.0624813 +22.8644839 10021.66 176.7769
bdf-L1-sci.00000446.cat 300.0624739 +22.8645046 10087.32 176.5945
bdf-L1-sci.00000447.cat 300.0623939 +22.8645884 9914.284 176.6037
bdf-L1-sci.00000448.cat 300.0624378 +22.8644394 9861.842 176.526
bdf-L1-sci.00000449.cat 300.0624820 +22.8644897 9746.084 176.1756
bdf-L1-sci.00000450.cat 300.0624119 +22.8644991 9851.632 176.0664
bdf-L1-sci.00000451.cat 300.0624175 +22.8644216 10717.91 177.8771
bdf-L1-sci.00000452.cat 300.0625749 +22.8645033 9999.276 177.1297
bdf-L1-sci.00000453.cat 300.0624357 +22.8644725 10164.18 177.1998
bdf-L1-sci.00000454.cat 300.0624060 +22.8644057 9802.704 176.9583
bdf-L1-sci.00000455.cat 300.0623833 +22.8643754 10129.16 176.9592
bdf-L1-sci.00000456.cat 300.0624835 +22.8643830 9847.7 176.6853
bdf-L1-sci.00000457.cat 300.0624773 +22.8645327 10024.92 177.1998
bdf-L1-sci.00000458.cat 300.0624437 +22.8644435 9780.11 177.02
bdf-L1-sci.00000459.cat 300.0624779 +22.8644387 9924.639 177.1569
bdf-L1-sci.00000460.cat 300.0625692 +22.8644303 9891.481 177.4996
bdf-L1-sci.00000461.cat 300.0623219 +22.8644536 10816.23 179.0529
bdf-L1-sci.00000462.cat 300.0624125 +22.8645377 9525.045 177.8366
bdf-L1-sci.00000463.cat 300.0624421 +22.8644344 10643.56 180.061
bdf-L1-sci.00000464.cat 300.0625160 +22.8644154 10366.6 179.3993
bdf-L1-sci.00000465.cat 300.0624241 +22.8644727 9884.17 179.1521
bdf-L1-sci.00000466.cat 300.0623799 +22.8644862 9553.373 178.4193
bdf-L1-sci.00000467.cat 300.0624287 +22.8644757 9632.79 178.9499
bdf-L1-sci.00000468.cat 300.0624840 +22.8644774 9689.575 178.899
bdf-L1-sci.00000469.cat 300.0624497 +22.8645310 10056.29 180.1984
bdf-L1-sci.00000470.cat 300.0625375 +22.8645419 9964.406 179.8926
bdf-L1-sci.00000471.cat 300.0625372 +22.8644698 9953.938 180.7339
bdf-L1-sci.00000472.cat 300.0624567 +22.8644635 9315.664 179.5138
bdf-L1-sci.00000473.cat 300.0624454 +22.8644226 9690.79 179.9968
bdf-L1-sci.00000474.cat 300.0624550 +22.8644439 9366.053 179.8445
bdf-L1-sci.00000475.cat 300.0625093 +22.8644880 9771.452 180.9479
bdf-L1-sci.00000476.cat 300.0623927 +22.8644270 10033.04 180.8438
bdf-L1-sci.00000477.cat 300.0624254 +22.8645124 9845.275 181.3464
bdf-L1-sci.00000478.cat 300.0625015 +22.8644380 9296.392 179.6108
bdf-L1-sci.00000479.cat 300.0625009 +22.8644837 9753.979 180.4595
bdf-L1-sci.00000480.cat 300.0625365 +22.8644554 9480.178 180.234
bdf-L1-sci.00000481.cat 300.0624928 +22.8644268 9952.483 180.2124
bdf-L1-sci.00000482.cat 300.0624511 +22.8645257 9246.983 180.4675
bdf-L1-sci.00000483.cat 300.0625104 +22.8645093 9349.685 179.6103
bdf-L1-sci.00000484.cat 300.0624433 +22.8644560 9410.378 180.0201
bdf-L1-sci.00000485.cat 300.0624093 +22.8644167 9973.543 177.8484
bdf-L1-sci.00000486.cat 300.0625026 +22.8644542 9713.276 177.4439
bdf-L1-sci.00000487.cat 300.0624106 +22.8645191 9527.68 177.6985
bdf-L1-sci.00000488.cat 300.0624652 +22.8644290 9812.619 178.4785
bdf-L1-sci.00000489.cat 300.0623503 +22.8644440 10008.45 178.6577
bdf-L1-sci.00000490.cat 300.0623058 +22.8644212 10821.87 180.1925
bdf-L1-sci.00000491.cat 300.0624215 +22.8644110 9619.673 178.0986
bdf-L1-sci.00000492.cat 300.0625428 +22.8644346 9659.197 177.6467
bdf-L1-sci.00000493.cat 300.0624904 +22.8644168 9670.564 178.6846
bdf-L1-sci.00000494.cat 300.0624431 +22.8644298 9827.842 178.3913
bdf-L1-sci.00000495.cat 300.0625233 +22.8644836 9512.083 177.6741
bdf-L1-sci.00000496.cat 300.0623845 +22.8644304 9545.382 178.6744
bdf-L1-sci.00000497.cat 300.0624535 +22.8644143 9655.355 178.8255
bdf-L1-sci.00000498.cat 300.0624855 +22.8644763 9286.249 177.6143
bdf-L1-sci.00000499.cat 300.0624653 +22.8644835 10209.4 179.6826
bdf-L1-sci.00000500.cat 300.0624985 +22.8644201 9640.392 178.2707
bdf-L1-sci.00000501.cat 300.0624950 +22.8644554 9816.232 178.8525
bdf-L1-sci.00000502.cat 300.0625058 +22.8644354 9192.082 178.2144
bdf-L1-sci.00000503.cat 300.0624117 +22.8644352 10121.82 178.7239
bdf-L1-sci.00000504.cat 300.0624570 +22.8645019 10131.28 178.8385
bdf-L1-sci.00000505.cat 300.0624447 +22.8643873 9703.245 178.5025
bdf-L1-sci.00000506.cat 300.0625419 +22.8644977 9491.569 177.6896
bdf-L1-sci.00000507.cat 300.0624496 +22.8644865 9551.67 178.1481
bdf-L1-sci.00000508.cat 300.0624315 +22.8644948 9535.644 177.7431
bdf-L1-sci.00000509.cat 300.0624460 +22.8644936 9567.04 178.0238
bdf-L1-sci.00000510.cat 300.0625146 +22.8644057 9422.97 177.6184
bdf-L1-sci.00000511.cat 300.0624818 +22.8644696 9622.401 176.9838
bdf-L1-sci.00000512.cat 300.0624896 +22.8644627 9338.375 176.7204
bdf-L1-sci.00000513.cat 300.0625156 +22.8644703 9311.253 176.2322
bdf-L1-sci.00000514.cat 300.0624197 +22.8645196 9579.633 177.2513
bdf-L1-sci.00000515.cat 300.0624761 +22.8644562 9074.842 176.4859
bdf-L1-sci.00000516.cat 300.0623706 +22.8644334 9820.991 177.8509
bdf-L1-sci.00000517.cat 300.0624346 +22.8645763 9207.998 177.4163
bdf-L1-sci.00000518.cat 300.0625007 +22.8643935 9947.367 178.7172
bdf-L1-sci.00000519.cat 300.0625425 +22.8644215 9448.64 178.5609
bdf-L1-sci.00000520.cat 300.0624452 +22.8644920 9292.442 178.2233
bdf-L1-sci.00000521.cat 300.0623878 +22.8645378 9311.332 177.9579
bdf-L1-sci.00000522.cat 300.0624472 +22.8644519 9227.416 176.8921
bdf-L1-sci.00000523.cat 300.0624409 +22.8644836 9701.609 177.7658
bdf-L1-sci.00000524.cat 300.0624394 +22.8644332 10267.18 179.1994
bdf-L1-sci.00000525.cat 300.0623463 +22.8644877 9636.715 177.6967
bdf-L1-sci.00000526.cat 300.0623910 +22.8645854 9646.697 178.2071
bdf-L1-sci.00000527.cat 300.0624384 +22.8645049 9680.934 178.1787
bdf-L1-sci.00000528.cat 300.0624082 +22.8645134 9380.246 177.5094
bdf-L1-sci.00000529.cat 300.0624033 +22.8645363 9570.95 177.7461
bdf-L1-sci.00000530.cat 300.0624706 +22.8644998 9543.636 178.0431
bdf-L1-sci.00000531.cat 300.0624458 +22.8644939 9456.018 177.5823
bdf-L1-sci.00000532.cat 300.0625006 +22.8644903 9773.992 177.7882
bdf-L1-sci.00000533.cat 300.0624557 +22.8645290 9214.006 177.0901
bdf-L1-sci.00000534.cat 300.0623809 +22.8644748 9776.729 178.4124
bdf-L1-sci.00000535.cat 300.0623903 +22.8645134 9697.251 178.7323
bdf-L1-sci.00000536.cat 300.0624923 +22.8644888 9140.964 177.6959
bdf-L1-sci.00000538.cat 300.0625232 +22.8643998 9711.56 177.4729
bdf-L1-sci.00000539.cat 300.0624812 +22.8644623 9717.239 177.5765
bdf-L1-sci.00000540.cat 300.0624522 +22.8644746 8951.251 176.2409
bdf-L1-sci.00000541.cat 300.0623377 +22.8646188 9464.909 177.0414
bdf-L1-sci.00000542.cat 300.0624737 +22.8644747 9245.002 176.4782
bdf-L1-sci.00000543.cat 300.0625348 +22.8643584 9896.677 177.8672
bdf-L1-sci.00000544.cat 300.0624101 +22.8644559 9047.655 177.4879
bdf-L1-sci.00000545.cat 300.0624531 +22.8645281 8958.728 177.5067
bdf-L1-sci.00000546.cat 300.0624838 +22.8644098 6195.58 179.3085
bdf-L1-sci.00000547.cat 300.0624019 +22.8645524 4169.218 181.3967
bdf-L1-sci.00000548.cat 300.0624746 +22.8646507 2475.641 177.6057
bdf-L1-sci.00000549.cat 300.0622997 +22.8647082 2716.773 179.3397
bdf-L1-sci.00000561.cat 300.0624138 +22.8644417 6882.967 181.197
bdf-L1-sci.00000562.cat 300.0624883 +22.8645421 9115.729 178.055
bdf-L1-sci.00000563.cat 300.0626055 +22.8645094 9061.86 177.5199
bdf-L1-sci.00000564.cat 300.0624556 +22.8645044 9177.517 177.9086
bdf-L1-sci.00000566.cat 300.0624533 +22.8644956 9108.009 177.4842
bdf-L1-sci.00000567.cat 300.0624728 +22.8645155 9660.65 177.7527
bdf-L1-sci.00000568.cat 300.0624482 +22.8644720 9647.333 177.9271
bdf-L1-sci.00000569.cat 300.0624815 +22.8645385 9180.221 177.1978
bdf-L1-sci.00000570.cat 300.0625007 +22.8644560 9621.677 177.9781
bdf-L1-sci.00000571.cat 300.0625076 +22.8644880 9453.604 177.8992
bdf-L1-sci.00000572.cat 300.0624744 +22.8644937 9637.656 177.6709
bdf-L1-sci.00000573.cat 300.0624232 +22.8645668 9471.354 177.6227
bdf-L1-sci.00000574.cat 300.0624223 +22.8645887 9245.582 177.0813
bdf-L1-sci.00000575.cat 300.0624162 +22.8645293 9524.109 177.5873
bdf-L1-sci.00000576.cat 300.0624509 +22.8644663 9217.936 177.6093
bdf-L1-sci.00000577.cat 300.0623839 +22.8645941 9202.377 177.403
bdf-L1-sci.00000578.cat 300.0624085 +22.8645449 9015.735 177.0734
bdf-L1-sci.00000579.cat 300.0624527 +22.8645553 9284.918 177.8182
bdf-L1-sci.00000580.cat 300.0625062 +22.8644490 9656.916 178.2815
bdf-L1-sci.00000581.cat 300.0624505 +22.8644582 9209.26 177.5254
bdf-L1-sci.00000582.cat 300.0623698 +22.8645766 9489.549 178.2206
bdf-L1-sci.00000583.cat 300.0624526 +22.8644701 9047.908 177.3265
bdf-L1-sci.00000584.cat 300.0624587 +22.8644965 9225.621 177.9003
bdf-L1-sci.00000585.cat 300.0625239 +22.8645339 9699.664 178.2486
bdf-L1-sci.00000586.cat 300.0624508 +22.8644103 9274.41 177.7241
bdf-L1-sci.00000587.cat 300.0625059 +22.8644677 9342.383 177.8455
bdf-L1-sci.00000588.cat 300.0624924 +22.8644995 9636.96 178.6009
bdf-L1-sci.00000589.cat 300.0624262 +22.8644571 9868.803 178.737
bdf-L1-sci.00000590.cat 300.0624638 +22.8645099 9240.261 177.9317
bdf-L1-sci.00000591.cat 300.0624094 +22.8644625 9223.617 177.6306
bdf-L1-sci.00000592.cat 300.0623999 +22.8644390 9477.433 178.1357
bdf-L1-sci.00000593.cat 300.0625415 +22.8644814 9327.909 178.204
bdf-L1-sci.00000594.cat 300.0624160 +22.8645002 9611.684 178.3803
