bdf-L1-sci.00000001.cat 300.1346776 +22.8800319 12028.62 174.8956
bdf-L1-sci.00000002.cat 300.1347322 +22.8800537 11924.94 174.2201
bdf-L1-sci.00000003.cat 300.1347494 +22.8800264 12471.97 174.5437
bdf-L1-sci.00000004.cat 300.1347166 +22.8800318 12266.02 174.6561
bdf-L1-sci.00000005.cat 300.1347193 +22.8800238 12184.94 174.7412
bdf-L1-sci.00000006.cat 300.1347103 +22.8801466 12168.9 174.9072
bdf-L1-sci.00000007.cat 300.1347643 +22.8801856 12291.74 175.6622
bdf-L1-sci.00000008.cat 300.1347372 +22.8801582 11988.85 175.4133
bdf-L1-sci.00000009.cat 300.1346524 +22.8802288 12267.33 175.9701
bdf-L1-sci.00000010.cat 300.1347016 +22.8801020 12268.74 175.9622
bdf-L1-sci.00000011.cat 300.1350541 +22.8801597 12042.8 176.0761
bdf-L1-sci.00000012.cat 300.1347545 +22.8802006 12386.74 175.6507
bdf-L1-sci.00000013.cat 300.1346213 +22.8800899 12697.39 175.8603
bdf-L1-sci.00000014.cat 300.1347542 +22.8801378 12177.91 174.5634
bdf-L1-sci.00000015.cat 300.1347743 +22.8801621 12311.97 176.4167
bdf-L1-sci.00000016.cat 300.1347047 +22.8800529 12486.65 177.0382
bdf-L1-sci.00000017.cat 300.1347382 +22.8801561 12432.18 176.5694
bdf-L1-sci.00000018.cat 300.1346582 +22.8800933 12427.1 175.343
bdf-L1-sci.00000019.cat 300.1348084 +22.8802126 12658.48 174.5711
bdf-L1-sci.00000020.cat 300.1347320 +22.8801730 12587.32 174.0392
bdf-L1-sci.00000021.cat 300.1347513 +22.8801392 12601.87 175.6102
bdf-L1-sci.00000022.cat 300.1347710 +22.8801300 12442.8 174.1691
bdf-L1-sci.00000023.cat 300.1347809 +22.8801478 12359.76 174.8117
bdf-L1-sci.00000024.cat 300.1347977 +22.8800528 10076.64 171.8506
bdf-L1-sci.00000025.cat 300.1347862 +22.8801516 12440.68 174.8751
bdf-L1-sci.00000026.cat 300.1347679 +22.8800770 12168.31 174.6333
bdf-L1-sci.00000027.cat 300.1348162 +22.8801021 8636.368 169.9285
bdf-L1-sci.00000028.cat 300.1347416 +22.8801865 12281.06 174.9034
bdf-L1-sci.00000029.cat 300.1347374 +22.8801052 12291.95 175.0653
bdf-L1-sci.00000030.cat 300.1346490 +22.8801006 12267.04 175.0943
bdf-L1-sci.00000031.cat 300.1346858 +22.8801346 12345.36 175.5794
bdf-L1-sci.00000032.cat 300.1347817 +22.8801768 12331.03 174.9156
bdf-L1-sci.00000033.cat 300.1347547 +22.8802060 12380.51 175.5321
bdf-L1-sci.00000034.cat 300.1347397 +22.8801177 12204.68 174.5537
bdf-L1-sci.00000035.cat 300.1347312 +22.8801580 12393.98 174.8634
bdf-L1-sci.00000036.cat 300.1347510 +22.8801534 12286.34 175.164
bdf-L1-sci.00000037.cat 300.1347492 +22.8801093 12274.8 175.0226
bdf-L1-sci.00000038.cat 300.1347263 +22.8801426 12116.68 174.6732
bdf-L1-sci.00000039.cat 300.1347191 +22.8801396 12439.19 174.9864
bdf-L1-sci.00000040.cat 300.1347559 +22.8801076 12171.1 175.0677
bdf-L1-sci.00000041.cat 300.1347240 +22.8801408 12169.94 174.1304
bdf-L1-sci.00000042.cat 300.1347121 +22.8801539 12311.41 174.7101
bdf-L1-sci.00000043.cat 300.1347196 +22.8801374 12299.26 174.5916
bdf-L1-sci.00000044.cat 300.1347562 +22.8801870 12312.8 174.6456
bdf-L1-sci.00000045.cat 300.1347750 +22.8801575 12383.04 174.447
bdf-L1-sci.00000046.cat 300.1348092 +22.8800974 12282.56 174.9419
bdf-L1-sci.00000047.cat 300.1347547 +22.8801333 11976.05 174.0575
bdf-L1-sci.00000048.cat 300.1347489 +22.8801498 11968.77 174.353
bdf-L1-sci.00000049.cat 300.1347308 +22.8801608 12304.89 174.9737
bdf-L1-sci.00000050.cat 300.1346787 +22.8801928 12151.94 174.9472
bdf-L1-sci.00000051.cat 300.1348053 +22.8801391 12374.19 174.7133
bdf-L1-sci.00000052.cat 300.1346222 +22.8801100 12171.79 174.4419
bdf-L1-sci.00000053.cat 300.1347426 +22.8802033 12192.04 174.7489
bdf-L1-sci.00000054.cat 300.1347568 +22.8801173 12087.13 174.3926
bdf-L1-sci.00000055.cat 300.1347607 +22.8801545 12444.03 174.8955
bdf-L1-sci.00000056.cat 300.1347433 +22.8801462 12347.33 175.4009
bdf-L1-sci.00000057.cat 300.1347879 +22.8800749 12533.18 175.1657
bdf-L1-sci.00000058.cat 300.1347684 +22.8801043 12073.6 174.6833
bdf-L1-sci.00000059.cat 300.1347059 +22.8801226 12256.79 175.2105
bdf-L1-sci.00000060.cat 300.1347742 +22.8801880 12441.7 174.4899
bdf-L1-sci.00000061.cat 300.1347187 +22.8800899 12292.85 174.4662
bdf-L1-sci.00000062.cat 300.1347579 +22.8800772 12205.43 174.2905
bdf-L1-sci.00000064.cat 300.1346890 +22.8800536 12151.69 174.7406
bdf-L1-sci.00000065.cat 300.1346680 +22.8800663 12294.21 176.9487
bdf-L1-sci.00000066.cat 300.1347277 +22.8800676 12292.02 175.5942
bdf-L1-sci.00000067.cat 300.1346956 +22.8801006 12266.32 174.613
bdf-L1-sci.00000068.cat 300.1346735 +22.8800385 12212.64 174.6655
bdf-L1-sci.00000069.cat 300.1346742 +22.8800678 12330.07 174.8055
bdf-L1-sci.00000070.cat 300.1346051 +22.8800731 12492.82 174.6408
bdf-L1-sci.00000071.cat 300.1347017 +22.8801418 12087.49 174.5737
bdf-L1-sci.00000072.cat 300.1347404 +22.8801435 12333.01 175.0316
bdf-L1-sci.00000073.cat 300.1346970 +22.8801245 12318.54 174.3559
bdf-L1-sci.00000074.cat 300.1347424 +22.8801280 12239.39 174.3043
bdf-L1-sci.00000075.cat 300.1347028 +22.8801315 12456.39 174.9586
bdf-L1-sci.00000076.cat 300.1347910 +22.8801042 12330.73 174.2023
bdf-L1-sci.00000077.cat 300.1347027 +22.8801383 12342.98 174.2855
bdf-L1-sci.00000078.cat 300.1347418 +22.8801402 12529.73 174.963
bdf-L1-sci.00000079.cat 300.1347286 +22.8801716 12407.76 174.2351
bdf-L1-sci.00000080.cat 300.1347606 +22.8801424 12379.05 174.7294
bdf-L1-sci.00000081.cat 300.1346844 +22.8801049 12385.48 174.3446
bdf-L1-sci.00000082.cat 300.1347671 +22.8801339 12241.83 173.9778
bdf-L1-sci.00000083.cat 300.1348465 +22.8799704 12599.43 174.4792
bdf-L1-sci.00000084.cat 300.1346888 +22.8801838 12470.07 174.4047
bdf-L1-sci.00000085.cat 300.1347571 +22.8801187 12619.62 174.7933
bdf-L1-sci.00000086.cat 300.1347169 +22.8801652 12260.9 174.6223
bdf-L1-sci.00000087.cat 300.1347304 +22.8801556 12322.28 174.2295
bdf-L1-sci.00000088.cat 300.1347257 +22.8801289 12631.07 174.6883
bdf-L1-sci.00000089.cat 300.1346708 +22.8801054 11973.78 173.7758
bdf-L1-sci.00000090.cat 300.1347646 +22.8801199 12401.43 174.2233
bdf-L1-sci.00000091.cat 300.1347508 +22.8801080 12618.58 174.6428
bdf-L1-sci.00000092.cat 300.1347327 +22.8800606 12315.44 174.8244
bdf-L1-sci.00000093.cat 300.1347087 +22.8801020 12362.29 174.7653
bdf-L1-sci.00000095.cat 300.1348095 +22.8801076 12271.26 174.7542
bdf-L1-sci.00000096.cat 300.1347084 +22.8800841 12500.16 174.873
bdf-L1-sci.00000097.cat 300.1347393 +22.8801056 12261.11 174.047
bdf-L1-sci.00000098.cat 300.1346583 +22.8801176 11787.33 172.8289
bdf-L1-sci.00000099.cat 300.1346044 +22.8800365 11696.51 172.8567
bdf-L1-sci.00000100.cat 300.1347242 +22.8800796 12295.69 173.683
bdf-L1-sci.00000101.cat 300.1347061 +22.8801130 12304.97 173.6037
bdf-L1-sci.00000102.cat 300.1347453 +22.8801027 12291.19 174.7724
bdf-L1-sci.00000103.cat 300.1346659 +22.8801063 12303.36 174.9627
bdf-L1-sci.00000104.cat 300.1347326 +22.8800533 12406.48 174.5837
bdf-L1-sci.00000105.cat 300.1346502 +22.8801090 12286.59 173.6473
bdf-L1-sci.00000106.cat 300.1347285 +22.8800422 12185.21 173.2553
bdf-L1-sci.00000107.cat 300.1347227 +22.8800662 12185.78 173.2191
bdf-L1-sci.00000108.cat 300.1348021 +22.8800796 12713.1 174.2036
bdf-L1-sci.00000109.cat 300.1346083 +22.8800301 12237.34 174.0115
bdf-L1-sci.00000110.cat 300.1347438 +22.8801051 12241.75 173.315
bdf-L1-sci.00000111.cat 300.1348156 +22.8800875 11931.87 173.365
bdf-L1-sci.00000112.cat 300.1347472 +22.8801041 11572.65 173.169
bdf-L1-sci.00000113.cat 300.1346844 +22.8800937 12071.67 174.1347
bdf-L1-sci.00000114.cat 300.1347212 +22.8801216 12094.42 173.9014
bdf-L1-sci.00000115.cat 300.1346843 +22.8800880 11911.51 173.315
bdf-L1-sci.00000116.cat 300.1347135 +22.8800121 12202.06 173.902
bdf-L1-sci.00000117.cat 300.1346956 +22.8800852 12456.56 174.3374
bdf-L1-sci.00000118.cat 300.1347838 +22.8800566 11823.07 173.2051
bdf-L1-sci.00000119.cat 300.1346831 +22.8800772 12629.12 174.8274
bdf-L1-sci.00000120.cat 300.1347076 +22.8801073 12048.26 173.7278
bdf-L1-sci.00000121.cat 300.1347294 +22.8801185 12557.26 174.2042
bdf-L1-sci.00000122.cat 300.1347048 +22.8801363 12039.04 173.1069
bdf-L1-sci.00000123.cat 300.1347612 +22.8801376 12395.72 173.1719
bdf-L1-sci.00000124.cat 300.1347386 +22.8801436 12422.41 173.1198
bdf-L1-sci.00000125.cat 300.1347252 +22.8801262 12134.95 173.3474
bdf-L1-sci.00000126.cat 300.1347267 +22.8801590 12291.15 173.3184
bdf-L1-sci.00000127.cat 300.1347368 +22.8801061 12436.47 173.9685
bdf-L1-sci.00000128.cat 300.1347382 +22.8801298 12300.78 173.5495
bdf-L1-sci.00000129.cat 300.1347628 +22.8801032 12362.87 173.7649
bdf-L1-sci.00000130.cat 300.1347276 +22.8801594 12446.83 173.4822
bdf-L1-sci.00000131.cat 300.1347389 +22.8801378 12322.41 173.3087
bdf-L1-sci.00000132.cat 300.1346902 +22.8801006 12355.37 173.6232
bdf-L1-sci.00000133.cat 300.1346950 +22.8801306 11140.79 171.3817
bdf-L1-sci.00000134.cat 300.1347309 +22.8801193 12151.98 173.0273
bdf-L1-sci.00000135.cat 300.1347662 +22.8801479 12270.72 173.5217
bdf-L1-sci.00000136.cat 300.1347483 +22.8801236 12162.3 172.9819
bdf-L1-sci.00000137.cat 300.1347216 +22.8801370 12328.58 172.9231
bdf-L1-sci.00000138.cat 300.1347287 +22.8800994 12031.92 173.3523
bdf-L1-sci.00000139.cat 300.1347439 +22.8801358 12187.38 173.311
bdf-L1-sci.00000140.cat 300.1347511 +22.8801402 12474.07 173.8375
bdf-L1-sci.00000141.cat 300.1347515 +22.8801207 12232.46 173.4699
bdf-L1-sci.00000142.cat 300.1347214 +22.8801130 12277.6 173.5133
bdf-L1-sci.00000143.cat 300.1347301 +22.8801650 12256.44 173.6439
bdf-L1-sci.00000144.cat 300.1347398 +22.8800923 12198.98 173.2934
bdf-L1-sci.00000145.cat 300.1345960 +22.8800770 12176.13 173.2131
bdf-L1-sci.00000146.cat 300.1347091 +22.8800815 12089 173.3419
bdf-L1-sci.00000147.cat 300.1347233 +22.8801201 12393.12 173.8697
bdf-L1-sci.00000148.cat 300.1347070 +22.8800611 12193.52 173.4991
bdf-L1-sci.00000149.cat 300.1347202 +22.8800730 12043.54 172.9055
bdf-L1-sci.00000150.cat 300.1348179 +22.8800486 12283.8 172.875
bdf-L1-sci.00000151.cat 300.1346774 +22.8800838 12479.58 173.3083
bdf-L1-sci.00000152.cat 300.1347529 +22.8801421 12556.66 174.3485
bdf-L1-sci.00000153.cat 300.1347756 +22.8801483 12263.7 173.7242
bdf-L1-sci.00000154.cat 300.1347285 +22.8801338 12026.3 174.2384
bdf-L1-sci.00000155.cat 300.1347515 +22.8801368 12131.38 173.5844
bdf-L1-sci.00000156.cat 300.1348171 +22.8800428 12335.89 174.4811
bdf-L1-sci.00000157.cat 300.1347268 +22.8800866 12206.6 173.4243
bdf-L1-sci.00000158.cat 300.1347081 +22.8801518 12333.96 173.5099
bdf-L1-sci.00000159.cat 300.1347056 +22.8800984 12356.16 173.7285
bdf-L1-sci.00000160.cat 300.1346701 +22.8801625 12275.71 174.1111
bdf-L1-sci.00000161.cat 300.1347680 +22.8801016 12109.66 173.558
bdf-L1-sci.00000162.cat 300.1347313 +22.8801937 12214.42 173.2312
bdf-L1-sci.00000163.cat 300.1346996 +22.8801634 12242.85 173.6956
bdf-L1-sci.00000164.cat 300.1348261 +22.8801400 12115.94 173.4545
bdf-L1-sci.00000165.cat 300.1347922 +22.8800730 11951 173.4334
bdf-L1-sci.00000166.cat 300.1347227 +22.8801095 12152.29 173.4311
bdf-L1-sci.00000167.cat 300.1347217 +22.8800995 12316.01 173.438
bdf-L1-sci.00000168.cat 300.1347154 +22.8801194 12276.69 173.9933
bdf-L1-sci.00000169.cat 300.1346747 +22.8801215 12052.53 173.4361
bdf-L1-sci.00000170.cat 300.1347191 +22.8800842 12047.25 173.2647
bdf-L1-sci.00000171.cat 300.1347183 +22.8800562 12235.33 173.3929
bdf-L1-sci.00000172.cat 300.1347302 +22.8800557 12137.44 172.8335
bdf-L1-sci.00000173.cat 300.1347158 +22.8801741 12419.61 172.9392
bdf-L1-sci.00000174.cat 300.1347069 +22.8800754 11995.41 172.148
bdf-L1-sci.00000175.cat 300.1346763 +22.8801042 12336.18 173.1239
bdf-L1-sci.00000176.cat 300.1346917 +22.8801078 12078.41 172.715
bdf-L1-sci.00000177.cat 300.1347209 +22.8801146 12234.81 173.2505
bdf-L1-sci.00000178.cat 300.1347023 +22.8801098 12111.24 173.4168
bdf-L1-sci.00000179.cat 300.1347011 +22.8801192 12101.04 173.2367
bdf-L1-sci.00000180.cat 300.1347812 +22.8801402 12105.84 173.3829
bdf-L1-sci.00000181.cat 300.1347717 +22.8801403 12427.28 173.849
bdf-L1-sci.00000182.cat 300.1347522 +22.8800397 11901.36 173.3353
bdf-L1-sci.00000183.cat 300.1348496 +22.8800952 12032.41 173.4349
bdf-L1-sci.00000184.cat 300.1347096 +22.8800685 12075.5 173.4093
bdf-L1-sci.00000185.cat 300.1347291 +22.8801176 12096.42 173.407
bdf-L1-sci.00000186.cat 300.1347466 +22.8801463 12178.91 173.404
bdf-L1-sci.00000187.cat 300.1347183 +22.8801134 12054.68 174.0461
bdf-L1-sci.00000188.cat 300.1347169 +22.8801493 12453.91 174.2614
bdf-L1-sci.00000189.cat 300.1347349 +22.8801728 12274.88 173.2028
bdf-L1-sci.00000190.cat 300.1347042 +22.8800978 12267.81 173.8786
bdf-L1-sci.00000191.cat 300.1347064 +22.8801197 12111.9 173.4597
bdf-L1-sci.00000192.cat 300.1347071 +22.8801880 12246.69 173.0697
bdf-L1-sci.00000193.cat 300.1347316 +22.8801642 12251.07 173.5155
bdf-L1-sci.00000194.cat 300.1346888 +22.8800910 12195.75 173.8519
bdf-L1-sci.00000195.cat 300.1347539 +22.8800887 12029.65 172.736
bdf-L1-sci.00000196.cat 300.1347242 +22.8801509 12127.57 173.1067
bdf-L1-sci.00000198.cat 300.1348533 +22.8801044 12564.69 173.7226
bdf-L1-sci.00000199.cat 300.1346277 +22.8801124 12045.38 172.9633
bdf-L1-sci.00000200.cat 300.1347690 +22.8801691 12185.1 173.9723
bdf-L1-sci.00000201.cat 300.1347548 +22.8801571 12096.69 173.1642
bdf-L1-sci.00000202.cat 300.1346479 +22.8801185 12147.2 173.4602
bdf-L1-sci.00000203.cat 300.1346372 +22.8801265 11861.85 173.2627
bdf-L1-sci.00000204.cat 300.1347172 +22.8800546 12155.83 173.587
bdf-L1-sci.00000205.cat 300.1347074 +22.8800811 12179.68 173.0776
bdf-L1-sci.00000206.cat 300.1346924 +22.8800739 12005.5 173.7232
bdf-L1-sci.00000207.cat 300.1348241 +22.8800801 12400.63 173.7281
bdf-L1-sci.00000208.cat 300.1347382 +22.8800972 12321.32 173.504
bdf-L1-sci.00000209.cat 300.1347081 +22.8800943 12070.86 174.0179
bdf-L1-sci.00000210.cat 300.1347016 +22.8800517 12206.85 173.5348
bdf-L1-sci.00000211.cat 300.1347215 +22.8801138 12318.51 173.7188
bdf-L1-sci.00000212.cat 300.1347161 +22.8801032 11961.5 172.5666
bdf-L1-sci.00000213.cat 300.1347210 +22.8800851 12228.78 173.4299
bdf-L1-sci.00000214.cat 300.1347342 +22.8801082 12055.16 173.1815
bdf-L1-sci.00000215.cat 300.1348024 +22.8800914 12280.63 173.9696
bdf-L1-sci.00000216.cat 300.1347431 +22.8801412 12223.88 174.7244
bdf-L1-sci.00000217.cat 300.1348259 +22.8800863 12323.61 174.1909
bdf-L1-sci.00000218.cat 300.1346749 +22.8801021 12086.57 173.8209
bdf-L1-sci.00000219.cat 300.1347181 +22.8801506 12435.86 174.7908
bdf-L1-sci.00000220.cat 300.1346772 +22.8800914 12382.15 174.4208
bdf-L1-sci.00000221.cat 300.1348207 +22.8800490 11913.63 173.8914
bdf-L1-sci.00000222.cat 300.1346945 +22.8801342 11999.55 173.747
bdf-L1-sci.00000223.cat 300.1346704 +22.8800851 12090.57 172.8916
bdf-L1-sci.00000224.cat 300.1347169 +22.8801199 12044.35 173.2692
bdf-L1-sci.00000225.cat 300.1347977 +22.8800697 12029.2 173.4333
bdf-L1-sci.00000226.cat 300.1347865 +22.8800721 11973.19 173.2442
bdf-L1-sci.00000227.cat 300.1348493 +22.8800304 12120.57 173.3594
bdf-L1-sci.00000228.cat 300.1348031 +22.8800823 12155.48 173.1944
bdf-L1-sci.00000229.cat 300.1347790 +22.8800735 12039.66 173.3147
bdf-L1-sci.00000230.cat 300.1348373 +22.8800615 12120.71 173.3096
bdf-L1-sci.00000231.cat 300.1348039 +22.8800721 12442.88 173.7262
bdf-L1-sci.00000232.cat 300.1348103 +22.8800859 12088.04 173.5395
bdf-L1-sci.00000233.cat 300.1348177 +22.8800708 12095.76 173.8956
bdf-L1-sci.00000234.cat 300.1348365 +22.8801070 12189.91 173.736
bdf-L1-sci.00000235.cat 300.1348288 +22.8800802 12079.37 173.3451
bdf-L1-sci.00000236.cat 300.1348239 +22.8801054 12211.76 173.4833
bdf-L1-sci.00000237.cat 300.1348198 +22.8800753 12216.24 173.6705
bdf-L1-sci.00000238.cat 300.1348388 +22.8800829 12137.6 173.39
bdf-L1-sci.00000239.cat 300.1348429 +22.8801201 12014.13 173.61
bdf-L1-sci.00000240.cat 300.1347852 +22.8800453 11897.87 173.5446
bdf-L1-sci.00000241.cat 300.1348406 +22.8801197 12190.89 176.578
bdf-L1-sci.00000242.cat 300.1348300 +22.8800915 12168.11 178.3328
bdf-L1-sci.00000243.cat 300.1348226 +22.8800694 12243.44 174.3659
bdf-L1-sci.00000244.cat 300.1348111 +22.8800781 12136.29 174.1012
bdf-L1-sci.00000245.cat 300.1348091 +22.8801042 12260.52 174.6025
bdf-L1-sci.00000246.cat 300.1348147 +22.8800955 12145.52 174.0808
bdf-L1-sci.00000247.cat 300.1348029 +22.8801523 12056.57 173.9238
bdf-L1-sci.00000248.cat 300.1347963 +22.8800365 11990.39 173.5757
bdf-L1-sci.00000249.cat 300.1347953 +22.8800614 12399.02 174.4732
bdf-L1-sci.00000250.cat 300.1348271 +22.8800797 12018 173.1458
bdf-L1-sci.00000251.cat 300.1348149 +22.8800809 12091.2 173.6275
bdf-L1-sci.00000252.cat 300.1348324 +22.8800567 12176.59 173.5604
bdf-L1-sci.00000253.cat 300.1347134 +22.8800918 11878.46 173.2574
bdf-L1-sci.00000254.cat 300.1347075 +22.8800721 12080.07 173.7189
bdf-L1-sci.00000255.cat 300.1347405 +22.8800842 11988.26 173.5736
bdf-L1-sci.00000256.cat 300.1347698 +22.8800615 11899.3 173.8241
bdf-L1-sci.00000257.cat 300.1347171 +22.8801117 12598.99 174.2389
bdf-L1-sci.00000258.cat 300.1347530 +22.8801373 12045.27 174.4308
bdf-L1-sci.00000259.cat 300.1346807 +22.8801235 11909.56 173.4211
bdf-L1-sci.00000260.cat 300.1347318 +22.8800647 11751.91 173.1315
bdf-L1-sci.00000261.cat 300.1346925 +22.8801497 12261.18 174.1283
bdf-L1-sci.00000262.cat 300.1347268 +22.8801519 12094.14 173.7916
bdf-L1-sci.00000263.cat 300.1347907 +22.8801025 11966.62 173.3936
bdf-L1-sci.00000264.cat 300.1348057 +22.8800898 12534.23 174.4751
bdf-L1-sci.00000265.cat 300.1347079 +22.8801382 12311.57 173.834
bdf-L1-sci.00000266.cat 300.1348176 +22.8800873 12139.3 174.1035
bdf-L1-sci.00000267.cat 300.1347857 +22.8800845 11869.8 173.6387
bdf-L1-sci.00000268.cat 300.1347121 +22.8801262 12354.04 174.2955
bdf-L1-sci.00000269.cat 300.1347139 +22.8800997 11807.93 174.0795
bdf-L1-sci.00000270.cat 300.1348130 +22.8800358 12127.56 174.208
bdf-L1-sci.00000271.cat 300.1347434 +22.8801506 12158.65 174.6115
bdf-L1-sci.00000272.cat 300.1347802 +22.8801259 12460.9 174.7474
bdf-L1-sci.00000273.cat 300.1347120 +22.8800744 11924.27 174.2569
bdf-L1-sci.00000274.cat 300.1348581 +22.8800411 12299.91 174.8501
bdf-L1-sci.00000275.cat 300.1347413 +22.8801217 12178.46 174.1742
bdf-L1-sci.00000276.cat 300.1348180 +22.8800545 12288.53 174.1743
bdf-L1-sci.00000277.cat 300.1346810 +22.8801013 12133.16 174.3627
bdf-L1-sci.00000278.cat 300.1347188 +22.8800684 12114.14 174.1228
bdf-L1-sci.00000279.cat 300.1347346 +22.8801346 11908.33 174.0007
bdf-L1-sci.00000280.cat 300.1347302 +22.8801549 11842.72 173.7882
bdf-L1-sci.00000281.cat 300.1347150 +22.8801001 11956.84 174.2312
bdf-L1-sci.00000282.cat 300.1346652 +22.8800715 11865.69 173.6954
bdf-L1-sci.00000283.cat 300.1347540 +22.8800693 11971.92 174.4971
bdf-L1-sci.00000284.cat 300.1347424 +22.8800844 12173.67 174.6263
bdf-L1-sci.00000285.cat 300.1346971 +22.8801374 12048.62 175.2222
bdf-L1-sci.00000286.cat 300.1347906 +22.8800887 11918.26 174.4621
bdf-L1-sci.00000287.cat 300.1346428 +22.8800971 12199.23 174.8807
bdf-L1-sci.00000288.cat 300.1346169 +22.8800820 12311.07 174.8644
bdf-L1-sci.00000289.cat 300.1347473 +22.8801144 11915.67 174.5932
bdf-L1-sci.00000290.cat 300.1348237 +22.8800534 11823.36 174.1886
bdf-L1-sci.00000291.cat 300.1346930 +22.8801033 12187.79 174.6947
bdf-L1-sci.00000292.cat 300.1347850 +22.8800301 11956.89 174.4242
bdf-L1-sci.00000293.cat 300.1347346 +22.8800634 12207.5 174.7763
bdf-L1-sci.00000294.cat 300.1346547 +22.8800760 11886.68 174.4298
bdf-L1-sci.00000295.cat 300.1347434 +22.8801459 12075.82 175.2687
bdf-L1-sci.00000296.cat 300.1347506 +22.8800487 11906.88 175.2532
bdf-L1-sci.00000297.cat 300.1348292 +22.8800847 12043.08 175.0026
bdf-L1-sci.00000298.cat 300.1348053 +22.8800872 11786.07 174.556
bdf-L1-sci.00000299.cat 300.1346823 +22.8801354 11654.54 174.5733
bdf-L1-sci.00000300.cat 300.1346859 +22.8801121 12077.7 175.6188
bdf-L1-sci.00000301.cat 300.1346936 +22.8800961 12172.06 174.9928
bdf-L1-sci.00000302.cat 300.1347455 +22.8801572 12109.22 175.0295
bdf-L1-sci.00000303.cat 300.1347683 +22.8801771 11784.85 175.0616
bdf-L1-sci.00000304.cat 300.1347177 +22.8800986 11882.85 174.9818
bdf-L1-sci.00000305.cat 300.1347230 +22.8800815 11822.06 174.8013
bdf-L1-sci.00000306.cat 300.1347951 +22.8800989 11897.44 175.1346
bdf-L1-sci.00000307.cat 300.1347559 +22.8800400 12251.5 175.186
bdf-L1-sci.00000308.cat 300.1347390 +22.8801212 11800.31 174.7172
bdf-L1-sci.00000309.cat 300.1346975 +22.8800768 11649.18 174.5864
bdf-L1-sci.00000310.cat 300.1347052 +22.8801268 11984.21 174.8588
bdf-L1-sci.00000311.cat 300.1347638 +22.8800808 11963.33 174.8543
bdf-L1-sci.00000312.cat 300.1347633 +22.8801409 12103.79 175.5672
bdf-L1-sci.00000313.cat 300.1346552 +22.8801142 11976.22 175.3398
bdf-L1-sci.00000314.cat 300.1347392 +22.8801150 12104.05 175.7802
bdf-L1-sci.00000315.cat 300.1346278 +22.8800345 12202.11 175.6575
bdf-L1-sci.00000316.cat 300.1346999 +22.8800791 11750.28 174.8602
bdf-L1-sci.00000317.cat 300.1347285 +22.8800628 12025.18 175.7284
bdf-L1-sci.00000318.cat 300.1347166 +22.8800344 11638.66 175.2387
bdf-L1-sci.00000319.cat 300.1347553 +22.8801414 11851.8 174.2713
bdf-L1-sci.00000320.cat 300.1348446 +22.8801372 12282.45 175.4181
bdf-L1-sci.00000321.cat 300.1347321 +22.8800177 12114.48 174.8346
bdf-L1-sci.00000322.cat 300.1346727 +22.8800946 11865.69 174.4991
bdf-L1-sci.00000323.cat 300.1348080 +22.8800739 11913.09 174.6194
bdf-L1-sci.00000324.cat 300.1347937 +22.8801268 11817.5 174.723
bdf-L1-sci.00000325.cat 300.1347812 +22.8800643 11694.56 174.415
bdf-L1-sci.00000326.cat 300.1348340 +22.8801012 11823.9 175.0331
bdf-L1-sci.00000327.cat 300.1348016 +22.8800972 11926.54 174.8791
bdf-L1-sci.00000328.cat 300.1347456 +22.8800846 11755.44 174.7322
bdf-L1-sci.00000329.cat 300.1347268 +22.8801446 11776.34 174.647
bdf-L1-sci.00000330.cat 300.1347212 +22.8801217 12074.83 175.0559
bdf-L1-sci.00000331.cat 300.1347782 +22.8800895 11766.89 174.8684
bdf-L1-sci.00000332.cat 300.1347099 +22.8801575 11971.18 175.5158
bdf-L1-sci.00000333.cat 300.1347095 +22.8800809 12137.73 175.9581
bdf-L1-sci.00000334.cat 300.1347541 +22.8800877 12035.7 175.4653
bdf-L1-sci.00000335.cat 300.1347420 +22.8801287 11664.92 174.8402
bdf-L1-sci.00000336.cat 300.1347236 +22.8801290 12135.9 175.6682
bdf-L1-sci.00000337.cat 300.1347211 +22.8800978 12167.99 175.5141
bdf-L1-sci.00000338.cat 300.1347300 +22.8800789 11889.71 175.3311
bdf-L1-sci.00000339.cat 300.1346631 +22.8800991 12157 175.833
bdf-L1-sci.00000340.cat 300.1347371 +22.8800520 12007.59 175.1263
bdf-L1-sci.00000341.cat 300.1347730 +22.8800783 11995.02 175.2931
bdf-L1-sci.00000342.cat 300.1347456 +22.8801184 12118.23 175.6052
bdf-L1-sci.00000343.cat 300.1347834 +22.8801203 11979.06 175.3954
bdf-L1-sci.00000344.cat 300.1346697 +22.8801135 11697.68 175.2401
bdf-L1-sci.00000345.cat 300.1347241 +22.8800817 11936.93 175.3395
bdf-L1-sci.00000346.cat 300.1347539 +22.8801264 11969.47 175.6035
bdf-L1-sci.00000347.cat 300.1347746 +22.8800721 11961.18 175.5928
bdf-L1-sci.00000348.cat 300.1348007 +22.8800974 11799.55 175.9721
bdf-L1-sci.00000349.cat 300.1348137 +22.8801184 11938.12 175.2783
bdf-L1-sci.00000350.cat 300.1347114 +22.8801417 12091.67 176.2418
bdf-L1-sci.00000351.cat 300.1347489 +22.8800527 12268.3 176.3566
bdf-L1-sci.00000352.cat 300.1347519 +22.8800877 12029.02 175.8959
bdf-L1-sci.00000353.cat 300.1347533 +22.8800511 12253.67 176.7669
bdf-L1-sci.00000354.cat 300.1347226 +22.8801505 12078.61 176.0103
bdf-L1-sci.00000355.cat 300.1347450 +22.8801387 12281.61 176.1147
bdf-L1-sci.00000356.cat 300.1347174 +22.8801050 11826.81 175.5394
bdf-L1-sci.00000357.cat 300.1347280 +22.8801038 12054.9 176.0996
bdf-L1-sci.00000358.cat 300.1347259 +22.8801120 11981.52 176.0413
bdf-L1-sci.00000359.cat 300.1347549 +22.8800225 11999.38 176.0633
bdf-L1-sci.00000360.cat 300.1346820 +22.8801308 12253.46 176.2141
bdf-L1-sci.00000361.cat 300.1346891 +22.8801275 11997.14 175.7041
bdf-L1-sci.00000362.cat 300.1347301 +22.8801156 11822.01 175.6602
bdf-L1-sci.00000363.cat 300.1347696 +22.8800216 12283.95 176.756
bdf-L1-sci.00000364.cat 300.1347145 +22.8800822 12210.76 176.1082
bdf-L1-sci.00000365.cat 300.1347097 +22.8800916 12243.51 176.493
bdf-L1-sci.00000366.cat 300.1347965 +22.8800984 11994.93 176.1531
bdf-L1-sci.00000367.cat 300.1346695 +22.8801240 12076.42 176.6527
bdf-L1-sci.00000368.cat 300.1347963 +22.8800703 12234.6 176.3352
bdf-L1-sci.00000369.cat 300.1346294 +22.8801664 12045.43 176.5984
bdf-L1-sci.00000370.cat 300.1347314 +22.8801261 11973.71 175.81
bdf-L1-sci.00000371.cat 300.1348152 +22.8801004 11765.62 175.843
bdf-L1-sci.00000372.cat 300.1347608 +22.8801296 12128.45 176.72
bdf-L1-sci.00000373.cat 300.1347737 +22.8800861 11916.97 176.3154
bdf-L1-sci.00000374.cat 300.1347060 +22.8801291 11761.55 176.0577
bdf-L1-sci.00000375.cat 300.1347367 +22.8801097 11934.09 175.9501
bdf-L1-sci.00000376.cat 300.1347212 +22.8800867 11912.23 176.2209
bdf-L1-sci.00000377.cat 300.1347534 +22.8801103 11943.58 176.0187
bdf-L1-sci.00000378.cat 300.1347758 +22.8800998 11742.16 176.2072
bdf-L1-sci.00000379.cat 300.1347506 +22.8800976 11945.89 176.388
bdf-L1-sci.00000380.cat 300.1347774 +22.8800849 12073.88 177.1401
bdf-L1-sci.00000381.cat 300.1346970 +22.8800878 12006.76 176.4646
bdf-L1-sci.00000382.cat 300.1346804 +22.8801361 11965.12 177.037
bdf-L1-sci.00000383.cat 300.1347794 +22.8800646 11943.97 176.6129
bdf-L1-sci.00000384.cat 300.1347321 +22.8801156 12076.96 177.0082
bdf-L1-sci.00000385.cat 300.1347984 +22.8800986 12289.25 177.7749
bdf-L1-sci.00000386.cat 300.1347648 +22.8801511 11956.92 176.3853
bdf-L1-sci.00000387.cat 300.1347564 +22.8800836 11948.3 177.3355
bdf-L1-sci.00000388.cat 300.1347400 +22.8800684 11897.04 176.6583
bdf-L1-sci.00000389.cat 300.1347906 +22.8801332 11865.79 177.1344
bdf-L1-sci.00000390.cat 300.1347920 +22.8801332 11765.17 176.6811
bdf-L1-sci.00000391.cat 300.1347555 +22.8800873 12128.79 177.2248
bdf-L1-sci.00000392.cat 300.1347774 +22.8800886 12205.1 177.2403
bdf-L1-sci.00000393.cat 300.1346932 +22.8801046 11977.29 177.1086
bdf-L1-sci.00000394.cat 300.1347818 +22.8800755 11807.24 177.044
bdf-L1-sci.00000395.cat 300.1346835 +22.8801199 11951.37 177.2028
bdf-L1-sci.00000396.cat 300.1347128 +22.8801124 11670.52 176.4957
bdf-L1-sci.00000397.cat 300.1346863 +22.8801264 11671.53 176.3528
bdf-L1-sci.00000398.cat 300.1347955 +22.8800816 12217.58 177.3997
bdf-L1-sci.00000399.cat 300.1347333 +22.8801085 11775.9 177.6731
bdf-L1-sci.00000400.cat 300.1347172 +22.8800926 11944.26 177.2157
bdf-L1-sci.00000401.cat 300.1346858 +22.8800959 11790.58 176.948
bdf-L1-sci.00000402.cat 300.1346924 +22.8801089 11750.56 176.7281
bdf-L1-sci.00000403.cat 300.1347624 +22.8800633 11702 177.4353
bdf-L1-sci.00000404.cat 300.1346783 +22.8801097 11546.32 176.3324
bdf-L1-sci.00000405.cat 300.1347771 +22.8800677 11268.33 176.7574
bdf-L1-sci.00000406.cat 300.1348220 +22.8800431 11615.99 177.1357
bdf-L1-sci.00000407.cat 300.1347215 +22.8801417 11787.17 179.1408
bdf-L1-sci.00000408.cat 300.1346944 +22.8800624 11934.76 178.478
bdf-L1-sci.00000409.cat 300.1347833 +22.8800558 12082.04 178.9804
bdf-L1-sci.00000410.cat 300.1347603 +22.8801380 11945.98 178.7038
bdf-L1-sci.00000411.cat 300.1346904 +22.8801360 11712.22 178.1677
bdf-L1-sci.00000412.cat 300.1347467 +22.8801016 12018.67 178.4901
bdf-L1-sci.00000413.cat 300.1347950 +22.8801340 12114.82 178.7234
bdf-L1-sci.00000414.cat 300.1346962 +22.8800659 11589.17 177.952
bdf-L1-sci.00000415.cat 300.1348403 +22.8800971 12245.95 179.4622
bdf-L1-sci.00000416.cat 300.1347701 +22.8800694 11794.06 179.3024
bdf-L1-sci.00000417.cat 300.1346579 +22.8800445 11675.68 177.9805
bdf-L1-sci.00000418.cat 300.1347078 +22.8801522 11594.14 178.2247
bdf-L1-sci.00000419.cat 300.1347919 +22.8800369 11656.37 177.9901
bdf-L1-sci.00000420.cat 300.1347548 +22.8801315 11871.2 178.5011
bdf-L1-sci.00000421.cat 300.1347694 +22.8800297 11659.57 178.2043
bdf-L1-sci.00000422.cat 300.1346313 +22.8800357 11443.91 178.9501
bdf-L1-sci.00000423.cat 300.1347765 +22.8800914 11814.61 179.6892
bdf-L1-sci.00000424.cat 300.1347302 +22.8801001 11712.53 179.8015
bdf-L1-sci.00000425.cat 300.1347595 +22.8800627 11523.75 179.6795
bdf-L1-sci.00000426.cat 300.1347719 +22.8801373 11734.03 179.4334
bdf-L1-sci.00000427.cat 300.1347087 +22.8801351 11717.16 178.9476
bdf-L1-sci.00000428.cat 300.1347084 +22.8801499 11743.78 179.8753
bdf-L1-sci.00000429.cat 300.1347938 +22.8801711 11407.66 179.2268
bdf-L1-sci.00000430.cat 300.1347537 +22.8801050 11666.98 179.7463
bdf-L1-sci.00000431.cat 300.1347289 +22.8801324 11891.19 179.8473
bdf-L1-sci.00000432.cat 300.1347652 +22.8801986 11555.14 179.6477
bdf-L1-sci.00000433.cat 300.1347975 +22.8801547 11625.96 179.759
bdf-L1-sci.00000434.cat 300.1347613 +22.8801800 11899.12 179.9388
bdf-L1-sci.00000435.cat 300.1347629 +22.8801978 11762.59 179.0968
bdf-L1-sci.00000436.cat 300.1347301 +22.8801465 11603.32 177.9232
bdf-L1-sci.00000437.cat 300.1347906 +22.8801653 11745.38 178.8036
bdf-L1-sci.00000438.cat 300.1347832 +22.8801455 11675.2 178.8332
bdf-L1-sci.00000439.cat 300.1347693 +22.8801049 11678.92 178.9517
bdf-L1-sci.00000440.cat 300.1347650 +22.8801483 11864.21 179.0209
bdf-L1-sci.00000441.cat 300.1347941 +22.8800142 11879.62 178.7282
bdf-L1-sci.00000442.cat 300.1348081 +22.8801396 11752.27 178.7704
bdf-L1-sci.00000443.cat 300.1347725 +22.8801299 12027.63 179.1371
bdf-L1-sci.00000444.cat 300.1347583 +22.8800970 11809.91 179.5916
bdf-L1-sci.00000445.cat 300.1347968 +22.8801144 11661.76 179.0737
bdf-L1-sci.00000446.cat 300.1348420 +22.8801295 11844.36 178.9263
bdf-L1-sci.00000447.cat 300.1346272 +22.8802949 11757.39 179.2247
bdf-L1-sci.00000448.cat 300.1347476 +22.8801484 11385.52 178.6631
bdf-L1-sci.00000449.cat 300.1346988 +22.8801961 11425.75 178.5278
bdf-L1-sci.00000450.cat 300.1347420 +22.8801958 11673.77 178.658
bdf-L1-sci.00000451.cat 300.1347457 +22.8801037 11583.16 179.0736
bdf-L1-sci.00000452.cat 300.1348690 +22.8801665 11540.25 179.2837
bdf-L1-sci.00000453.cat 300.1347752 +22.8801312 11733.15 179.3688
bdf-L1-sci.00000454.cat 300.1347350 +22.8801236 11570.46 179.4461
bdf-L1-sci.00000455.cat 300.1347896 +22.8801881 11716.72 179.2112
bdf-L1-sci.00000456.cat 300.1347941 +22.8801235 11679.92 179.2282
bdf-L1-sci.00000457.cat 300.1347454 +22.8802556 12088.44 180.1107
bdf-L1-sci.00000458.cat 300.1347967 +22.8801282 11745.03 179.7349
bdf-L1-sci.00000459.cat 300.1347865 +22.8801176 11878.03 179.846
bdf-L1-sci.00000460.cat 300.1347524 +22.8801217 11529.7 179.9634
bdf-L1-sci.00000461.cat 300.1346410 +22.8800954 11714.94 180.3344
bdf-L1-sci.00000462.cat 300.1347630 +22.8802251 11265.09 180.2504
bdf-L1-sci.00000463.cat 300.1347362 +22.8800958 11038.5 180.5059
bdf-L1-sci.00000464.cat 300.1348586 +22.8800714 11399.91 180.8335
bdf-L1-sci.00000465.cat 300.1347542 +22.8801272 11771.93 181.7751
bdf-L1-sci.00000466.cat 300.1347263 +22.8801483 11416.98 181.0511
bdf-L1-sci.00000467.cat 300.1347866 +22.8801430 11202.24 181.1055
bdf-L1-sci.00000468.cat 300.1347991 +22.8801919 11751.57 181.8678
bdf-L1-sci.00000469.cat 300.1347413 +22.8801861 11478.84 182.1296
bdf-L1-sci.00000470.cat 300.1348507 +22.8801985 11532.12 182.0504
bdf-L1-sci.00000471.cat 300.1348724 +22.8801862 11307.43 182.6364
bdf-L1-sci.00000472.cat 300.1347693 +22.8801037 11252.96 182.16
bdf-L1-sci.00000473.cat 300.1347691 +22.8800786 11302.4 182.1181
bdf-L1-sci.00000474.cat 300.1347394 +22.8801101 11025.29 182.1044
bdf-L1-sci.00000475.cat 300.1347312 +22.8801743 11060.43 182.72
bdf-L1-sci.00000476.cat 300.1346912 +22.8801420 11281.25 182.5612
bdf-L1-sci.00000477.cat 300.1347038 +22.8801646 10925 182.8369
bdf-L1-sci.00000478.cat 300.1347826 +22.8801678 10868.67 181.7621
bdf-L1-sci.00000479.cat 300.1348397 +22.8801582 11059.99 182.2118
bdf-L1-sci.00000480.cat 300.1348058 +22.8801984 11254.74 182.5431
bdf-L1-sci.00000481.cat 300.1347615 +22.8801758 11313.02 182.082
bdf-L1-sci.00000482.cat 300.1347611 +22.8801826 11464.7 183.506
bdf-L1-sci.00000483.cat 300.1347983 +22.8801573 11665.73 182.893
bdf-L1-sci.00000484.cat 300.1347684 +22.8801801 11073.67 182.2594
bdf-L1-sci.00000485.cat 300.1346849 +22.8801176 11322.57 179.6957
bdf-L1-sci.00000486.cat 300.1348092 +22.8800999 11509.19 179.9564
bdf-L1-sci.00000487.cat 300.1347544 +22.8801944 11606.52 180.5917
bdf-L1-sci.00000488.cat 300.1347618 +22.8801241 10960.17 180.0866
bdf-L1-sci.00000489.cat 300.1346801 +22.8801125 11252.88 180.4063
bdf-L1-sci.00000490.cat 300.1347419 +22.8801241 11082.7 180.6329
bdf-L1-sci.00000491.cat 300.1347338 +22.8801149 11085.68 180.1762
bdf-L1-sci.00000492.cat 300.1347861 +22.8801439 10608.96 179.0333
bdf-L1-sci.00000493.cat 300.1347807 +22.8801416 10753.26 180.1772
bdf-L1-sci.00000494.cat 300.1347625 +22.8801283 11375.22 180.6174
bdf-L1-sci.00000495.cat 300.1348412 +22.8801689 11597.79 180.6475
bdf-L1-sci.00000496.cat 300.1347120 +22.8801696 11062.4 180.7688
bdf-L1-sci.00000497.cat 300.1346900 +22.8801645 11233.5 181.042
bdf-L1-sci.00000498.cat 300.1347676 +22.8801451 11427.4 180.6264
bdf-L1-sci.00000499.cat 300.1347440 +22.8801219 11289.88 181.2112
bdf-L1-sci.00000500.cat 300.1347497 +22.8801593 11452.65 180.8728
bdf-L1-sci.00000501.cat 300.1347828 +22.8801505 11626.13 181.3726
bdf-L1-sci.00000502.cat 300.1347544 +22.8801104 11171.51 181.0331
bdf-L1-sci.00000503.cat 300.1347429 +22.8801788 11081.59 180.0222
bdf-L1-sci.00000504.cat 300.1347948 +22.8801578 11265.33 180.4168
bdf-L1-sci.00000505.cat 300.1346614 +22.8801514 11193.69 180.3573
bdf-L1-sci.00000506.cat 300.1347867 +22.8802066 11332.16 180.2058
bdf-L1-sci.00000507.cat 300.1347585 +22.8801776 11269.63 180.5272
bdf-L1-sci.00000508.cat 300.1347424 +22.8801782 11294.5 180.2078
bdf-L1-sci.00000509.cat 300.1347652 +22.8801803 11786.08 181.1288
bdf-L1-sci.00000510.cat 300.1347553 +22.8801104 11261.63 180.2662
bdf-L1-sci.00000511.cat 300.1347297 +22.8801359 11076.33 178.9712
bdf-L1-sci.00000512.cat 300.1348111 +22.8801452 11211.67 179.3041
bdf-L1-sci.00000513.cat 300.1346862 +22.8800958 11075.47 178.7096
bdf-L1-sci.00000514.cat 300.1347741 +22.8801289 11417.75 179.864
bdf-L1-sci.00000515.cat 300.1348010 +22.8801316 11366.38 179.5702
bdf-L1-sci.00000516.cat 300.1346778 +22.8801332 11412.08 180.0735
bdf-L1-sci.00000517.cat 300.1347630 +22.8801639 11317.06 180.3794
bdf-L1-sci.00000518.cat 300.1347987 +22.8801507 11418.42 180.8182
bdf-L1-sci.00000519.cat 300.1346593 +22.8801626 11286.92 181.0848
bdf-L1-sci.00000520.cat 300.1347226 +22.8801674 11390.96 181.206
bdf-L1-sci.00000521.cat 300.1347411 +22.8801440 11066.04 180.3352
bdf-L1-sci.00000522.cat 300.1347317 +22.8801428 11326.74 179.8971
bdf-L1-sci.00000523.cat 300.1347245 +22.8801556 11205.36 179.876
bdf-L1-sci.00000524.cat 300.1348976 +22.8800618 11050.86 180.3445
bdf-L1-sci.00000525.cat 300.1347020 +22.8801908 11548.83 180.3277
bdf-L1-sci.00000526.cat 300.1347227 +22.8802324 11025.05 180.1146
bdf-L1-sci.00000527.cat 300.1347696 +22.8801566 11367.78 180.4516
bdf-L1-sci.00000528.cat 300.1347303 +22.8801849 11161.32 179.9455
bdf-L1-sci.00000529.cat 300.1347046 +22.8801674 11387.39 180.2281
bdf-L1-sci.00000530.cat 300.1347696 +22.8801569 11025.15 180.1035
bdf-L1-sci.00000531.cat 300.1347520 +22.8801640 11140.2 179.9377
bdf-L1-sci.00000532.cat 300.1347578 +22.8801787 11200.31 179.7592
bdf-L1-sci.00000533.cat 300.1347001 +22.8801724 11139.37 179.7641
bdf-L1-sci.00000534.cat 300.1347301 +22.8801519 11095.19 180.2504
bdf-L1-sci.00000535.cat 300.1347092 +22.8801766 11132.38 180.7522
bdf-L1-sci.00000536.cat 300.1347430 +22.8801743 11076.54 180.4536
bdf-L1-sci.00000538.cat 300.1348112 +22.8800984 11260.32 179.618
bdf-L1-sci.00000539.cat 300.1348124 +22.8802221 11112.75 179.5226
bdf-L1-sci.00000540.cat 300.1347774 +22.8801444 11318.27 179.4815
bdf-L1-sci.00000541.cat 300.1347825 +22.8802439 11201.72 179.4538
bdf-L1-sci.00000542.cat 300.1347387 +22.8801731 11040.46 179.0192
bdf-L1-sci.00000543.cat 300.1348612 +22.8800762 11042.79 179.4709
bdf-L1-sci.00000544.cat 300.1348281 +22.8801413 10970.85 180.2395
bdf-L1-sci.00000545.cat 300.1347889 +22.8801774 11104.21 180.5425
bdf-L1-sci.00000546.cat 300.1347783 +22.8801410 7649.037 181.3996
bdf-L1-sci.00000547.cat 300.1346913 +22.8801862 4713.714 182.1634
bdf-L1-sci.00000548.cat 300.1347412 +22.8802690 2991.036 178.3744
bdf-L1-sci.00000549.cat 300.1346868 +22.8803177 3154.364 179.9307
bdf-L1-sci.00000561.cat 300.1347323 +22.8801712 7981.241 182.6383
bdf-L1-sci.00000562.cat 300.1347465 +22.8801523 10860.7 180.4884
bdf-L1-sci.00000563.cat 300.1346580 +22.8801764 11059.49 180.2718
bdf-L1-sci.00000564.cat 300.1347494 +22.8801767 11060.02 180.4793
bdf-L1-sci.00000566.cat 300.1347820 +22.8801963 10952.48 180.1187
bdf-L1-sci.00000567.cat 300.1347786 +22.8801603 11231.36 179.9874
bdf-L1-sci.00000568.cat 300.1347527 +22.8801565 10964.68 179.7293
bdf-L1-sci.00000569.cat 300.1347416 +22.8801338 10892.37 179.6521
bdf-L1-sci.00000570.cat 300.1347784 +22.8801323 10978.52 179.8896
bdf-L1-sci.00000571.cat 300.1347257 +22.8801350 10834.45 179.8371
bdf-L1-sci.00000572.cat 300.1347529 +22.8801807 11047.61 179.6517
bdf-L1-sci.00000573.cat 300.1347476 +22.8801902 10925.57 179.6343
bdf-L1-sci.00000574.cat 300.1347118 +22.8802234 10960.95 179.4397
bdf-L1-sci.00000575.cat 300.1347475 +22.8801640 10787.73 179.4045
bdf-L1-sci.00000576.cat 300.1347613 +22.8802273 11090.51 180.2415
bdf-L1-sci.00000577.cat 300.1347075 +22.8802172 11093.77 180.0486
bdf-L1-sci.00000578.cat 300.1347380 +22.8801808 11258.34 180.298
bdf-L1-sci.00000579.cat 300.1347266 +22.8802175 10996.93 180.2642
bdf-L1-sci.00000580.cat 300.1348526 +22.8801063 11062.66 180.2184
bdf-L1-sci.00000581.cat 300.1347440 +22.8801405 11108.88 179.9999
bdf-L1-sci.00000582.cat 300.1346200 +22.8802319 11198.53 180.5311
bdf-L1-sci.00000583.cat 300.1347592 +22.8801188 10962.72 180.0136
bdf-L1-sci.00000584.cat 300.1347216 +22.8801433 10961.43 180.3152
bdf-L1-sci.00000585.cat 300.1348090 +22.8802026 11147.27 180.3697
bdf-L1-sci.00000586.cat 300.1347482 +22.8800612 10989.83 180.0107
bdf-L1-sci.00000587.cat 300.1347918 +22.8801520 10757.87 179.8006
bdf-L1-sci.00000588.cat 300.1348131 +22.8801922 10878.65 180.3306
bdf-L1-sci.00000589.cat 300.1347211 +22.8801860 11010.1 180.2789
bdf-L1-sci.00000590.cat 300.1347672 +22.8801858 10914.12 180.284
bdf-L1-sci.00000591.cat 300.1347436 +22.8801407 10882.05 180.0757
bdf-L1-sci.00000592.cat 300.1347653 +22.8801379 10899.19 180.1278
bdf-L1-sci.00000593.cat 300.1348463 +22.8801542 11068.25 180.5185
bdf-L1-sci.00000594.cat 300.1347618 +22.8801520 11194.77 180.6798
