bdf-L1-sci.00000001.cat 300.1591406 +22.7018530 12699.46 175.8372
bdf-L1-sci.00000002.cat 300.1591629 +22.7018662 12612.42 175.1965
bdf-L1-sci.00000003.cat 300.1591641 +22.7018800 12820.99 175.0502
bdf-L1-sci.00000004.cat 300.1591423 +22.7018824 12658.89 175.181
bdf-L1-sci.00000005.cat 300.1591462 +22.7018934 12426.18 175.064
bdf-L1-sci.00000006.cat 300.1591450 +22.7019025 12163.46 174.9584
bdf-L1-sci.00000007.cat 300.1591323 +22.7019650 12594.25 176.0996
bdf-L1-sci.00000008.cat 300.1591755 +22.7019332 12810.98 176.7068
bdf-L1-sci.00000009.cat 300.1591395 +22.7019450 12536.62 176.3597
bdf-L1-sci.00000010.cat 300.1590989 +22.7019390 12443.2 176.1728
bdf-L1-sci.00000011.cat 300.1593894 +22.7020078 12682.88 177.0197
bdf-L1-sci.00000012.cat 300.1591334 +22.7019292 12684.67 176.0816
bdf-L1-sci.00000013.cat 300.1590510 +22.7018936 12510.59 175.5577
bdf-L1-sci.00000014.cat 300.1591490 +22.7019412 12570.48 175.242
bdf-L1-sci.00000015.cat 300.1591809 +22.7019456 12619.65 176.8374
bdf-L1-sci.00000016.cat 300.1591510 +22.7019059 12699.73 177.3165
bdf-L1-sci.00000017.cat 300.1591676 +22.7019285 12363.81 176.4503
bdf-L1-sci.00000018.cat 300.1591108 +22.7019059 12262.24 175.1152
bdf-L1-sci.00000019.cat 300.1591801 +22.7019905 12477.66 174.363
bdf-L1-sci.00000020.cat 300.1591440 +22.7019572 12658.44 174.2138
bdf-L1-sci.00000021.cat 300.1591780 +22.7019309 12748.68 175.7236
bdf-L1-sci.00000022.cat 300.1591496 +22.7019199 12523.81 174.3654
bdf-L1-sci.00000023.cat 300.1591765 +22.7018921 12708.71 175.3027
bdf-L1-sci.00000024.cat 300.1590046 +22.7015383 12401 175.1994
bdf-L1-sci.00000025.cat 300.1591737 +22.7020120 12493 174.9133
bdf-L1-sci.00000026.cat 300.1591166 +22.7019389 12129.84 174.5782
bdf-L1-sci.00000027.cat 300.1585976 +22.7020325 12571.26 175.6148
bdf-L1-sci.00000028.cat 300.1591544 +22.7019434 12215.52 174.8097
bdf-L1-sci.00000029.cat 300.1591849 +22.7018791 12447.43 175.1622
bdf-L1-sci.00000030.cat 300.1591292 +22.7019371 12452.15 175.4394
bdf-L1-sci.00000031.cat 300.1591335 +22.7019615 12472.8 175.8198
bdf-L1-sci.00000032.cat 300.1591796 +22.7019115 12423.59 175.0331
bdf-L1-sci.00000033.cat 300.1591546 +22.7019566 12454.62 175.6597
bdf-L1-sci.00000034.cat 300.1591790 +22.7019545 12131.5 174.4342
bdf-L1-sci.00000035.cat 300.1591607 +22.7019520 11577.13 173.6621
bdf-L1-sci.00000036.cat 300.1591390 +22.7019087 12456.4 175.4066
bdf-L1-sci.00000037.cat 300.1591518 +22.7018887 12476.08 175.2731
bdf-L1-sci.00000038.cat 300.1591593 +22.7019745 12465.85 175.2016
bdf-L1-sci.00000039.cat 300.1591430 +22.7019402 12468.96 174.9776
bdf-L1-sci.00000040.cat 300.1591443 +22.7018403 12574.51 175.6355
bdf-L1-sci.00000041.cat 300.1591500 +22.7019069 12564.34 174.7468
bdf-L1-sci.00000042.cat 300.1591346 +22.7019285 12795.73 175.4018
bdf-L1-sci.00000043.cat 300.1591452 +22.7019061 12330.64 174.6659
bdf-L1-sci.00000044.cat 300.1591778 +22.7019103 12897.95 175.5104
bdf-L1-sci.00000045.cat 300.1591753 +22.7019059 12540.91 174.6731
bdf-L1-sci.00000046.cat 300.1591623 +22.7018931 12497.55 175.2489
bdf-L1-sci.00000047.cat 300.1591591 +22.7018983 12443.17 174.6027
bdf-L1-sci.00000048.cat 300.1591399 +22.7019171 12617.67 175.3323
bdf-L1-sci.00000049.cat 300.1591462 +22.7018924 12844.04 175.735
bdf-L1-sci.00000050.cat 300.1590799 +22.7019579 12438.27 175.3706
bdf-L1-sci.00000051.cat 300.1591978 +22.7019290 12225.22 174.5293
bdf-L1-sci.00000052.cat 300.1590583 +22.7018468 12355.36 174.6902
bdf-L1-sci.00000053.cat 300.1591225 +22.7019362 12513.74 175.2085
bdf-L1-sci.00000054.cat 300.1591313 +22.7018994 12279.37 174.6166
bdf-L1-sci.00000055.cat 300.1591722 +22.7019034 12365.1 174.7533
bdf-L1-sci.00000056.cat 300.1591590 +22.7019595 12112.78 174.9923
bdf-L1-sci.00000057.cat 300.1591778 +22.7018633 12562.58 175.259
bdf-L1-sci.00000058.cat 300.1591730 +22.7018984 12696.55 175.5433
bdf-L1-sci.00000059.cat 300.1591802 +22.7018959 12112.91 174.9829
bdf-L1-sci.00000060.cat 300.1591468 +22.7019102 12363.12 174.3992
bdf-L1-sci.00000061.cat 300.1591998 +22.7019080 12449.57 174.676
bdf-L1-sci.00000062.cat 300.1591883 +22.7018684 12587.98 174.8457
bdf-L1-sci.00000064.cat 300.1591314 +22.7018838 12509.94 175.2891
bdf-L1-sci.00000065.cat 300.1590919 +22.7018996 12246.33 176.8586
bdf-L1-sci.00000066.cat 300.1591499 +22.7018700 12363.2 175.6586
bdf-L1-sci.00000067.cat 300.1591009 +22.7018854 12486 174.9785
bdf-L1-sci.00000068.cat 300.1591747 +22.7019082 12801.45 175.5136
bdf-L1-sci.00000069.cat 300.1591274 +22.7019036 12591.45 175.1936
bdf-L1-sci.00000070.cat 300.1590701 +22.7018656 12353.01 174.4479
bdf-L1-sci.00000071.cat 300.1591158 +22.7018912 12664.73 175.2298
bdf-L1-sci.00000072.cat 300.1591655 +22.7018896 12375.42 175.0922
bdf-L1-sci.00000073.cat 300.1591199 +22.7018997 12208.65 174.2349
bdf-L1-sci.00000074.cat 300.1591209 +22.7019252 12311.26 174.2537
bdf-L1-sci.00000075.cat 300.1591352 +22.7019005 12537.06 175.0665
bdf-L1-sci.00000076.cat 300.1591809 +22.7019117 12694.37 174.6651
bdf-L1-sci.00000077.cat 300.1591625 +22.7019655 12282.96 174.1337
bdf-L1-sci.00000078.cat 300.1591294 +22.7019121 12928.43 175.4661
bdf-L1-sci.00000079.cat 300.1591438 +22.7019481 12571.45 174.4116
bdf-L1-sci.00000080.cat 300.1591467 +22.7019431 12426.31 174.7677
bdf-L1-sci.00000081.cat 300.1591315 +22.7019076 12646.8 174.7044
bdf-L1-sci.00000082.cat 300.1591520 +22.7019314 12545.27 174.2603
bdf-L1-sci.00000083.cat 300.1592148 +22.7017589 12450.81 174.2224
bdf-L1-sci.00000084.cat 300.1591168 +22.7019498 12447.82 174.402
bdf-L1-sci.00000085.cat 300.1591256 +22.7019444 12629.41 174.8657
bdf-L1-sci.00000086.cat 300.1591186 +22.7019540 12469.34 174.8618
bdf-L1-sci.00000087.cat 300.1591469 +22.7019323 12521.73 174.5155
bdf-L1-sci.00000088.cat 300.1591283 +22.7019184 12589.06 174.6355
bdf-L1-sci.00000089.cat 300.1591532 +22.7019472 12564.81 174.6094
bdf-L1-sci.00000090.cat 300.1590964 +22.7019092 12514.71 174.3858
bdf-L1-sci.00000091.cat 300.1591162 +22.7019080 12324 174.2791
bdf-L1-sci.00000092.cat 300.1591456 +22.7019240 12582.45 175.2644
bdf-L1-sci.00000093.cat 300.1591349 +22.7019177 12254.66 174.5599
bdf-L1-sci.00000095.cat 300.1591359 +22.7023435 12542.55 175.2373
bdf-L1-sci.00000096.cat 300.1591329 +22.7018873 12371.8 174.7407
bdf-L1-sci.00000097.cat 300.1591341 +22.7019120 12562.6 174.4868
bdf-L1-sci.00000098.cat 300.1591137 +22.7019128 12805.54 174.3969
bdf-L1-sci.00000099.cat 300.1590942 +22.7018656 12498.89 174.0569
bdf-L1-sci.00000100.cat 300.1591595 +22.7019057 12333.87 173.7088
bdf-L1-sci.00000101.cat 300.1591350 +22.7019150 12496.85 173.8725
bdf-L1-sci.00000102.cat 300.1591209 +22.7019110 12444.06 174.9249
bdf-L1-sci.00000103.cat 300.1591181 +22.7019092 12568.31 175.3703
bdf-L1-sci.00000104.cat 300.1591312 +22.7018679 12345.76 174.548
bdf-L1-sci.00000105.cat 300.1590583 +22.7019192 12444.41 173.9325
bdf-L1-sci.00000106.cat 300.1591077 +22.7019305 12556.59 173.7904
bdf-L1-sci.00000107.cat 300.1591267 +22.7019062 12511.47 173.6016
bdf-L1-sci.00000108.cat 300.1591189 +22.7022887 12277.19 173.606
bdf-L1-sci.00000109.cat 300.1591160 +22.7019244 12354.67 174.107
bdf-L1-sci.00000110.cat 300.1591490 +22.7018735 12659.88 173.9243
bdf-L1-sci.00000111.cat 300.1591544 +22.7023264 12598.63 174.4111
bdf-L1-sci.00000112.cat 300.1591317 +22.7018918 12652.74 174.7286
bdf-L1-sci.00000113.cat 300.1591537 +22.7018872 12418.13 174.6167
bdf-L1-sci.00000114.cat 300.1591195 +22.7018931 12448.49 174.4097
bdf-L1-sci.00000115.cat 300.1591056 +22.7018802 12643.83 174.3681
bdf-L1-sci.00000116.cat 300.1591574 +22.7019431 12468.09 174.2403
bdf-L1-sci.00000117.cat 300.1590954 +22.7018984 12286.03 174.0635
bdf-L1-sci.00000118.cat 300.1590896 +22.7022797 12178.07 173.7094
bdf-L1-sci.00000119.cat 300.1591225 +22.7018712 12806.49 175.0735
bdf-L1-sci.00000120.cat 300.1591016 +22.7019208 12531.53 174.4728
bdf-L1-sci.00000121.cat 300.1591265 +22.7019124 12696.28 174.4545
bdf-L1-sci.00000122.cat 300.1591235 +22.7019945 12644.86 174.0159
bdf-L1-sci.00000123.cat 300.1591559 +22.7019156 12260.25 173.0124
bdf-L1-sci.00000124.cat 300.1591355 +22.7019565 12354.02 173.0427
bdf-L1-sci.00000125.cat 300.1591704 +22.7019239 12307.38 173.5668
bdf-L1-sci.00000126.cat 300.1591233 +22.7019181 12535.56 173.7358
bdf-L1-sci.00000127.cat 300.1591674 +22.7019306 12296.4 173.7671
bdf-L1-sci.00000128.cat 300.1591644 +22.7019181 12532.58 173.8324
bdf-L1-sci.00000129.cat 300.1591500 +22.7019213 12509.26 173.9391
bdf-L1-sci.00000130.cat 300.1591575 +22.7019337 12412.22 173.3962
bdf-L1-sci.00000131.cat 300.1591305 +22.7019059 12300.79 173.2703
bdf-L1-sci.00000132.cat 300.1591075 +22.7018790 12836.31 174.2998
bdf-L1-sci.00000133.cat 300.1591484 +22.7018841 12410.1 173.2522
bdf-L1-sci.00000134.cat 300.1591468 +22.7019441 12360.99 173.3435
bdf-L1-sci.00000135.cat 300.1591386 +22.7019270 12601.77 173.969
bdf-L1-sci.00000136.cat 300.1591425 +22.7019474 12436.04 173.5075
bdf-L1-sci.00000137.cat 300.1591600 +22.7019392 12374.54 172.9967
bdf-L1-sci.00000138.cat 300.1591396 +22.7019474 12252.87 173.6415
bdf-L1-sci.00000139.cat 300.1591459 +22.7019098 12631.23 173.9428
bdf-L1-sci.00000140.cat 300.1591532 +22.7019445 12312.31 173.5538
bdf-L1-sci.00000141.cat 300.1591373 +22.7019379 12598.56 174.0112
bdf-L1-sci.00000142.cat 300.1590734 +22.7023247 12720.02 174.2148
bdf-L1-sci.00000143.cat 300.1591689 +22.7019151 12711.74 174.2764
bdf-L1-sci.00000144.cat 300.1591377 +22.7018830 12460.53 173.6269
bdf-L1-sci.00000145.cat 300.1590542 +22.7019189 12428.63 173.5626
bdf-L1-sci.00000146.cat 300.1591666 +22.7019289 12467.29 173.8794
bdf-L1-sci.00000147.cat 300.1591874 +22.7019220 12362.62 173.8185
bdf-L1-sci.00000148.cat 300.1591343 +22.7018926 12549.7 174.0696
bdf-L1-sci.00000149.cat 300.1591502 +22.7019067 12480.28 173.4997
bdf-L1-sci.00000150.cat 300.1591628 +22.7022893 12697.44 173.4146
bdf-L1-sci.00000151.cat 300.1591557 +22.7019062 12448.09 173.2484
bdf-L1-sci.00000152.cat 300.1591493 +22.7019155 12348.14 174.0419
bdf-L1-sci.00000153.cat 300.1591389 +22.7019457 12357.02 173.873
bdf-L1-sci.00000154.cat 300.1591516 +22.7019356 12658.27 175.0258
bdf-L1-sci.00000155.cat 300.1591473 +22.7019279 12578.64 174.1838
bdf-L1-sci.00000156.cat 300.1591320 +22.7022590 12119.9 174.1494
bdf-L1-sci.00000157.cat 300.1591284 +22.7019089 12417.75 173.6921
bdf-L1-sci.00000158.cat 300.1591519 +22.7018836 12524.28 173.9145
bdf-L1-sci.00000159.cat 300.1591306 +22.7019182 12044.61 173.2358
bdf-L1-sci.00000160.cat 300.1591032 +22.7019124 12183.92 173.9792
bdf-L1-sci.00000161.cat 300.1591602 +22.7019310 12673.82 174.3324
bdf-L1-sci.00000162.cat 300.1591613 +22.7019596 12386.9 173.5234
bdf-L1-sci.00000163.cat 300.1591463 +22.7019213 12026.05 173.4051
bdf-L1-sci.00000164.cat 300.1592069 +22.7019266 12482.77 173.997
bdf-L1-sci.00000165.cat 300.1591397 +22.7023203 12186.22 173.7648
bdf-L1-sci.00000166.cat 300.1591478 +22.7018970 12427.96 173.799
bdf-L1-sci.00000167.cat 300.1591482 +22.7019001 12404.36 173.5943
bdf-L1-sci.00000168.cat 300.1591152 +22.7018684 12277.17 174.0085
bdf-L1-sci.00000169.cat 300.1591128 +22.7018891 12461.5 174.0392
bdf-L1-sci.00000170.cat 300.1591657 +22.7019044 12172.48 173.5035
bdf-L1-sci.00000171.cat 300.1591292 +22.7018927 12308.56 173.5347
bdf-L1-sci.00000172.cat 300.1590963 +22.7018933 12486.97 173.4251
bdf-L1-sci.00000173.cat 300.1591109 +22.7020025 12556.83 173.1374
bdf-L1-sci.00000174.cat 300.1591165 +22.7019049 12325.09 172.6189
bdf-L1-sci.00000175.cat 300.1591091 +22.7018742 12166.1 173.0305
bdf-L1-sci.00000176.cat 300.1591466 +22.7018995 11904.46 172.5138
bdf-L1-sci.00000177.cat 300.1591264 +22.7019082 12622.19 173.7941
bdf-L1-sci.00000178.cat 300.1591040 +22.7018849 12436.67 173.8925
bdf-L1-sci.00000179.cat 300.1591203 +22.7019570 12385.93 173.6618
bdf-L1-sci.00000180.cat 300.1591700 +22.7018992 12410.66 173.851
bdf-L1-sci.00000181.cat 300.1591400 +22.7019457 12630.07 174.104
bdf-L1-sci.00000182.cat 300.1591672 +22.7018551 12270.06 173.8955
bdf-L1-sci.00000183.cat 300.1591869 +22.7023118 12210.44 173.6549
bdf-L1-sci.00000184.cat 300.1591128 +22.7018600 12344.91 173.7973
bdf-L1-sci.00000185.cat 300.1591047 +22.7018754 12246.65 173.6817
bdf-L1-sci.00000186.cat 300.1591168 +22.7018988 12680.41 174.0096
bdf-L1-sci.00000187.cat 300.1591003 +22.7019108 12407.82 174.5453
bdf-L1-sci.00000188.cat 300.1591921 +22.7019647 12255.39 174.0055
bdf-L1-sci.00000189.cat 300.1591649 +22.7019163 12156.26 173.0678
bdf-L1-sci.00000190.cat 300.1591383 +22.7019049 12255.19 173.8751
bdf-L1-sci.00000191.cat 300.1591336 +22.7019271 12473.55 173.9511
bdf-L1-sci.00000192.cat 300.1591325 +22.7019453 12456.86 173.4019
bdf-L1-sci.00000193.cat 300.1591566 +22.7019324 12461.89 173.8916
bdf-L1-sci.00000194.cat 300.1591398 +22.7018987 12314.02 174.0949
bdf-L1-sci.00000195.cat 300.1591468 +22.7019317 12565.99 173.5538
bdf-L1-sci.00000196.cat 300.1591284 +22.7019392 12353.91 173.4043
bdf-L1-sci.00000198.cat 300.1591494 +22.7023075 12460.29 173.565
bdf-L1-sci.00000199.cat 300.1590726 +22.7019294 11996.31 172.8924
bdf-L1-sci.00000200.cat 300.1591630 +22.7019482 12379.33 174.2804
bdf-L1-sci.00000201.cat 300.1591620 +22.7019130 12330.74 173.4075
bdf-L1-sci.00000202.cat 300.1591249 +22.7018562 12377.94 173.807
bdf-L1-sci.00000203.cat 300.1590738 +22.7018610 12154.85 173.6631
bdf-L1-sci.00000204.cat 300.1591209 +22.7018998 12454.56 174.0239
bdf-L1-sci.00000205.cat 300.1591249 +22.7018714 12315.75 173.1508
bdf-L1-sci.00000206.cat 300.1591284 +22.7019015 12471.58 174.3415
bdf-L1-sci.00000207.cat 300.1591545 +22.7022992 12321.09 173.57
bdf-L1-sci.00000208.cat 300.1591348 +22.7018945 12080.89 173.0845
bdf-L1-sci.00000209.cat 300.1590711 +22.7019134 12269.56 174.2666
bdf-L1-sci.00000210.cat 300.1591408 +22.7019040 12272.26 173.6217
bdf-L1-sci.00000211.cat 300.1591199 +22.7019000 12350.52 173.8157
bdf-L1-sci.00000212.cat 300.1590897 +22.7018640 12265.31 173.0134
bdf-L1-sci.00000213.cat 300.1591343 +22.7018811 12339.7 173.5607
bdf-L1-sci.00000214.cat 300.1591215 +22.7019073 12201.44 173.4143
bdf-L1-sci.00000215.cat 300.1591262 +22.7022774 12445.72 174.1993
bdf-L1-sci.00000216.cat 300.1591326 +22.7018775 12347.17 174.9154
bdf-L1-sci.00000217.cat 300.1591513 +22.7022915 12137.33 173.8722
bdf-L1-sci.00000218.cat 300.1590762 +22.7019153 12310.42 174.1426
bdf-L1-sci.00000219.cat 300.1591338 +22.7018790 12533.45 174.9157
bdf-L1-sci.00000220.cat 300.1591330 +22.7018912 12252.36 174.2567
bdf-L1-sci.00000221.cat 300.1591630 +22.7022905 12311.45 174.4991
bdf-L1-sci.00000222.cat 300.1591440 +22.7018886 12120.13 173.957
bdf-L1-sci.00000223.cat 300.1591017 +22.7018906 12094.24 172.8896
bdf-L1-sci.00000224.cat 300.1591349 +22.7018831 12265.4 173.5369
bdf-L1-sci.00000225.cat 300.1591432 +22.7022981 12727 174.4507
bdf-L1-sci.00000226.cat 300.1591157 +22.7022791 12339.18 173.7643
bdf-L1-sci.00000227.cat 300.1591698 +22.7022368 12292.47 173.6362
bdf-L1-sci.00000228.cat 300.1591210 +22.7022922 12351.15 173.5056
bdf-L1-sci.00000229.cat 300.1591520 +22.7022896 12383.22 173.8314
bdf-L1-sci.00000230.cat 300.1591601 +22.7022942 12456.36 173.7932
bdf-L1-sci.00000231.cat 300.1591408 +22.7022972 12427.38 173.6893
bdf-L1-sci.00000232.cat 300.1591239 +22.7023021 11903.77 173.2812
bdf-L1-sci.00000233.cat 300.1591424 +22.7022880 12207.66 174.0491
bdf-L1-sci.00000234.cat 300.1591555 +22.7023049 12031.31 173.4492
bdf-L1-sci.00000235.cat 300.1591604 +22.7022968 12284.23 173.6039
bdf-L1-sci.00000236.cat 300.1591353 +22.7023081 12144.04 173.2692
bdf-L1-sci.00000237.cat 300.1591219 +22.7022932 12326.33 173.7124
bdf-L1-sci.00000238.cat 300.1591249 +22.7022969 12093.46 173.2244
bdf-L1-sci.00000239.cat 300.1591207 +22.7023099 12295.53 174.044
bdf-L1-sci.00000240.cat 300.1591052 +22.7022751 12233.2 174.027
bdf-L1-sci.00000241.cat 300.1591626 +22.7023500 12089.85 176.4275
bdf-L1-sci.00000242.cat 300.1591324 +22.7023006 12130.25 178.2418
bdf-L1-sci.00000243.cat 300.1591686 +22.7022741 12331.07 174.4842
bdf-L1-sci.00000244.cat 300.1591675 +22.7022956 12294.06 174.3203
bdf-L1-sci.00000245.cat 300.1591307 +22.7023201 12060.93 174.4637
bdf-L1-sci.00000246.cat 300.1591246 +22.7022921 12161.3 174.1327
bdf-L1-sci.00000247.cat 300.1591343 +22.7023714 12314.78 174.3458
bdf-L1-sci.00000248.cat 300.1591770 +22.7022687 12093.45 173.7313
bdf-L1-sci.00000249.cat 300.1591600 +22.7022950 11895.8 173.9345
bdf-L1-sci.00000250.cat 300.1591469 +22.7023294 11850.01 172.9177
bdf-L1-sci.00000251.cat 300.1591317 +22.7022962 12381.8 174.0382
bdf-L1-sci.00000252.cat 300.1591389 +22.7023060 11887.94 173.1003
bdf-L1-sci.00000253.cat 300.1590848 +22.7018816 12306.27 173.8809
bdf-L1-sci.00000254.cat 300.1591139 +22.7019008 12377.47 174.1391
bdf-L1-sci.00000255.cat 300.1591024 +22.7019155 12227.07 173.8881
bdf-L1-sci.00000256.cat 300.1590724 +22.7022699 12253.78 174.3332
bdf-L1-sci.00000257.cat 300.1591393 +22.7018730 12230.73 173.7316
bdf-L1-sci.00000258.cat 300.1591789 +22.7019071 12241.49 174.7339
bdf-L1-sci.00000259.cat 300.1591381 +22.7018501 12331.28 174.0718
bdf-L1-sci.00000260.cat 300.1591123 +22.7019103 12071.81 173.549
bdf-L1-sci.00000261.cat 300.1591061 +22.7019021 12277.77 174.1594
bdf-L1-sci.00000262.cat 300.1591194 +22.7018825 12344.21 174.2897
bdf-L1-sci.00000263.cat 300.1591407 +22.7022879 12387.05 174.0643
bdf-L1-sci.00000264.cat 300.1591365 +22.7022965 12143.09 173.9723
bdf-L1-sci.00000265.cat 300.1591258 +22.7018818 12160.88 173.7998
bdf-L1-sci.00000266.cat 300.1591354 +22.7022900 12336.65 174.3501
bdf-L1-sci.00000267.cat 300.1591195 +22.7022770 12431.09 174.2915
bdf-L1-sci.00000268.cat 300.1591394 +22.7018387 12172.11 174.1003
bdf-L1-sci.00000269.cat 300.1591384 +22.7019272 12342.21 174.8818
bdf-L1-sci.00000270.cat 300.1590990 +22.7022745 12122.6 174.1936
bdf-L1-sci.00000271.cat 300.1591324 +22.7019080 12383.85 174.985
bdf-L1-sci.00000272.cat 300.1591061 +22.7023502 11916.41 173.952
bdf-L1-sci.00000273.cat 300.1591303 +22.7019164 11967.85 174.2899
bdf-L1-sci.00000274.cat 300.1591948 +22.7022682 12268.06 174.7605
bdf-L1-sci.00000275.cat 300.1590910 +22.7018777 12064.91 173.9965
bdf-L1-sci.00000276.cat 300.1591592 +22.7022692 12271.32 174.1203
bdf-L1-sci.00000277.cat 300.1591176 +22.7018784 11957.59 174.1181
bdf-L1-sci.00000278.cat 300.1591177 +22.7018837 11823.18 173.6532
bdf-L1-sci.00000279.cat 300.1591314 +22.7018871 12049.21 174.2177
bdf-L1-sci.00000280.cat 300.1590990 +22.7018946 12175.89 174.2742
bdf-L1-sci.00000281.cat 300.1590994 +22.7018998 11991.17 174.2436
bdf-L1-sci.00000282.cat 300.1591211 +22.7018691 12180.13 174.1767
bdf-L1-sci.00000283.cat 300.1591211 +22.7018875 12174.04 174.8011
bdf-L1-sci.00000284.cat 300.1591139 +22.7019043 12324.06 174.9592
bdf-L1-sci.00000285.cat 300.1591056 +22.7018756 12341.43 175.7061
bdf-L1-sci.00000286.cat 300.1591119 +22.7023260 11945.5 174.4052
bdf-L1-sci.00000287.cat 300.1590799 +22.7018719 12116.96 174.7704
bdf-L1-sci.00000288.cat 300.1590392 +22.7018550 12211.93 174.7079
bdf-L1-sci.00000289.cat 300.1590846 +22.7018887 11961.32 174.6659
bdf-L1-sci.00000290.cat 300.1591653 +22.7022458 11906.16 174.3
bdf-L1-sci.00000291.cat 300.1591393 +22.7018901 11978.83 174.4323
bdf-L1-sci.00000292.cat 300.1591754 +22.7018581 11970.25 174.4875
bdf-L1-sci.00000293.cat 300.1591218 +22.7019099 12006.89 174.3859
bdf-L1-sci.00000294.cat 300.1590849 +22.7018888 12336.93 174.9563
bdf-L1-sci.00000295.cat 300.1591277 +22.7022997 12164.32 175.4615
bdf-L1-sci.00000296.cat 300.1590931 +22.7022693 11962.51 175.3325
bdf-L1-sci.00000297.cat 300.1591607 +22.7022992 12081.64 175.0577
bdf-L1-sci.00000298.cat 300.1591343 +22.7023015 11966.03 174.8284
bdf-L1-sci.00000299.cat 300.1591270 +22.7018649 12114.35 175.2306
bdf-L1-sci.00000300.cat 300.1591414 +22.7018579 12341.62 175.9941
bdf-L1-sci.00000301.cat 300.1591239 +22.7019039 11990.95 174.7117
bdf-L1-sci.00000302.cat 300.1591248 +22.7018733 12211.18 175.2638
bdf-L1-sci.00000303.cat 300.1591001 +22.7018977 12144.84 175.5749
bdf-L1-sci.00000304.cat 300.1591111 +22.7018810 11850.37 174.8315
bdf-L1-sci.00000305.cat 300.1591331 +22.7018862 11929.91 174.9777
bdf-L1-sci.00000306.cat 300.1591338 +22.7023157 11908.51 175.1876
bdf-L1-sci.00000307.cat 300.1590960 +22.7018874 11895.86 174.5297
bdf-L1-sci.00000308.cat 300.1591453 +22.7018952 11649.81 174.5537
bdf-L1-sci.00000309.cat 300.1590685 +22.7019143 12145.05 175.2136
bdf-L1-sci.00000310.cat 300.1590920 +22.7019050 12272.96 175.4115
bdf-L1-sci.00000311.cat 300.1591426 +22.7018749 12126.99 175.0882
bdf-L1-sci.00000312.cat 300.1590483 +22.7023120 12191.05 175.6544
bdf-L1-sci.00000313.cat 300.1591392 +22.7018641 12024.07 175.408
bdf-L1-sci.00000314.cat 300.1591373 +22.7018652 12396.92 176.2333
bdf-L1-sci.00000315.cat 300.1590746 +22.7019061 12361.15 175.9282
bdf-L1-sci.00000316.cat 300.1590784 +22.7018625 11910.32 175.074
bdf-L1-sci.00000317.cat 300.1591174 +22.7018689 12358.28 176.2685
bdf-L1-sci.00000318.cat 300.1591055 +22.7018297 12159.3 175.9427
bdf-L1-sci.00000319.cat 300.1590922 +22.7018913 12135.72 174.7444
bdf-L1-sci.00000320.cat 300.1591781 +22.7023495 11956.62 174.9679
bdf-L1-sci.00000321.cat 300.1591155 +22.7018786 11927.1 174.5739
bdf-L1-sci.00000322.cat 300.1590474 +22.7018592 12179.7 174.9337
bdf-L1-sci.00000323.cat 300.1591401 +22.7022784 12189.12 175.0363
bdf-L1-sci.00000324.cat 300.1591282 +22.7022971 11986.45 174.9276
bdf-L1-sci.00000325.cat 300.1591367 +22.7022682 11933.76 174.654
bdf-L1-sci.00000326.cat 300.1590861 +22.7022985 11856.99 175.0878
bdf-L1-sci.00000327.cat 300.1591268 +22.7022862 11889.34 174.7963
bdf-L1-sci.00000328.cat 300.1591251 +22.7018404 11743.85 174.7305
bdf-L1-sci.00000329.cat 300.1590939 +22.7018706 12001.88 174.9104
bdf-L1-sci.00000330.cat 300.1591217 +22.7018484 11890 174.7621
bdf-L1-sci.00000331.cat 300.1591514 +22.7022461 12036.79 175.2835
bdf-L1-sci.00000332.cat 300.1591305 +22.7018709 12059.27 175.6412
bdf-L1-sci.00000333.cat 300.1591119 +22.7018715 12468.96 176.4132
bdf-L1-sci.00000334.cat 300.1591186 +22.7018926 11700.03 175.0909
bdf-L1-sci.00000335.cat 300.1590841 +22.7018748 12227.07 175.5755
bdf-L1-sci.00000336.cat 300.1591097 +22.7018617 11924.52 175.3523
bdf-L1-sci.00000337.cat 300.1591263 +22.7018422 12188.51 175.5952
bdf-L1-sci.00000338.cat 300.1590810 +22.7019049 11997.09 175.4767
bdf-L1-sci.00000339.cat 300.1590895 +22.7018910 11742.68 175.2354
bdf-L1-sci.00000340.cat 300.1591265 +22.7018974 12096.77 175.2462
bdf-L1-sci.00000341.cat 300.1591447 +22.7022719 12082.32 175.3953
bdf-L1-sci.00000342.cat 300.1591664 +22.7018562 12116.11 175.6022
bdf-L1-sci.00000343.cat 300.1591490 +22.7018242 12030.33 175.6396
bdf-L1-sci.00000344.cat 300.1590777 +22.7018807 12022.9 175.8748
bdf-L1-sci.00000345.cat 300.1590554 +22.7022777 12293.54 175.7805
bdf-L1-sci.00000346.cat 300.1591054 +22.7018941 12333.72 176.151
bdf-L1-sci.00000347.cat 300.1591302 +22.7022914 11804.09 175.3914
bdf-L1-sci.00000348.cat 300.1591413 +22.7022622 12274.72 176.6683
bdf-L1-sci.00000349.cat 300.1591698 +22.7022769 12450.58 176.0373
bdf-L1-sci.00000350.cat 300.1591230 +22.7018950 12187.9 176.4006
bdf-L1-sci.00000351.cat 300.1591050 +22.7019075 11892.67 175.8084
bdf-L1-sci.00000352.cat 300.1591548 +22.7019063 11837.85 175.639
bdf-L1-sci.00000353.cat 300.1590412 +22.7022348 12063.59 176.4829
bdf-L1-sci.00000354.cat 300.1591110 +22.7018364 12105.42 176.0335
bdf-L1-sci.00000355.cat 300.1591100 +22.7018819 11938.47 175.627
bdf-L1-sci.00000356.cat 300.1591231 +22.7018946 11840.02 175.5657
bdf-L1-sci.00000357.cat 300.1590921 +22.7018815 12053.19 176.0897
bdf-L1-sci.00000358.cat 300.1591184 +22.7018698 11901.25 176.017
bdf-L1-sci.00000359.cat 300.1590972 +22.7022623 12236.34 176.3696
bdf-L1-sci.00000360.cat 300.1591320 +22.7018579 12089.81 175.9594
bdf-L1-sci.00000361.cat 300.1591109 +22.7019139 11941.9 175.5808
bdf-L1-sci.00000362.cat 300.1590724 +22.7023248 11905.74 175.8017
bdf-L1-sci.00000363.cat 300.1591135 +22.7018933 11971.43 176.291
bdf-L1-sci.00000364.cat 300.1591135 +22.7018575 12390.02 176.3625
bdf-L1-sci.00000365.cat 300.1591150 +22.7018480 12246.39 176.4673
bdf-L1-sci.00000366.cat 300.1591492 +22.7022833 11868.1 175.8981
bdf-L1-sci.00000367.cat 300.1591174 +22.7018778 11956.62 176.4681
bdf-L1-sci.00000368.cat 300.1591163 +22.7018992 12199.4 176.3599
bdf-L1-sci.00000369.cat 300.1589931 +22.7019768 12400.49 177.1153
bdf-L1-sci.00000370.cat 300.1591229 +22.7019090 11822.49 175.6695
bdf-L1-sci.00000371.cat 300.1591663 +22.7022748 11881.81 176.1055
bdf-L1-sci.00000372.cat 300.1591490 +22.7019107 11970.72 176.4442
bdf-L1-sci.00000373.cat 300.1591331 +22.7022718 12348.33 176.9035
bdf-L1-sci.00000374.cat 300.1591060 +22.7018412 12043.35 176.5472
bdf-L1-sci.00000375.cat 300.1591006 +22.7019068 12116.99 176.2397
bdf-L1-sci.00000376.cat 300.1591169 +22.7019224 12210.87 176.6441
bdf-L1-sci.00000377.cat 300.1591049 +22.7018847 12248.27 176.451
bdf-L1-sci.00000378.cat 300.1591135 +22.7023028 12183.88 176.8553
bdf-L1-sci.00000379.cat 300.1591150 +22.7018764 11903.74 176.3208
bdf-L1-sci.00000380.cat 300.1591664 +22.7022924 11839.04 176.7632
bdf-L1-sci.00000381.cat 300.1591038 +22.7019087 12036.99 176.5373
bdf-L1-sci.00000382.cat 300.1591203 +22.7018806 12116.76 177.2962
bdf-L1-sci.00000383.cat 300.1591344 +22.7022753 11947.24 176.6476
bdf-L1-sci.00000384.cat 300.1591128 +22.7018707 12501.69 177.5022
bdf-L1-sci.00000385.cat 300.1591748 +22.7023013 12102.11 177.5795
bdf-L1-sci.00000386.cat 300.1591305 +22.7018576 12026.1 176.5058
bdf-L1-sci.00000387.cat 300.1591075 +22.7022892 12408.82 178.0136
bdf-L1-sci.00000388.cat 300.1591319 +22.7018746 11599.96 176.162
bdf-L1-sci.00000389.cat 300.1591040 +22.7018963 11804.42 177.0478
bdf-L1-sci.00000390.cat 300.1591303 +22.7019321 11997.29 176.9716
bdf-L1-sci.00000391.cat 300.1590902 +22.7019076 12102.19 177.1947
bdf-L1-sci.00000392.cat 300.1591290 +22.7022628 12035.54 176.9107
bdf-L1-sci.00000393.cat 300.1591538 +22.7019192 12077.36 177.2573
bdf-L1-sci.00000394.cat 300.1591508 +22.7022568 12200.77 177.5235
bdf-L1-sci.00000395.cat 300.1591009 +22.7018625 11969.82 177.244
bdf-L1-sci.00000396.cat 300.1591175 +22.7018588 12388.19 177.5244
bdf-L1-sci.00000397.cat 300.1591303 +22.7018788 12245.12 177.134
bdf-L1-sci.00000398.cat 300.1591322 +22.7022670 11773.39 176.8331
bdf-L1-sci.00000399.cat 300.1590750 +22.7019050 11853.55 177.7444
bdf-L1-sci.00000400.cat 300.1591525 +22.7018958 12215.34 177.5525
bdf-L1-sci.00000401.cat 300.1591460 +22.7018879 12087.81 177.5033
bdf-L1-sci.00000402.cat 300.1591115 +22.7018892 11919.09 176.9437
bdf-L1-sci.00000403.cat 300.1590685 +22.7022788 12019.19 177.8816
bdf-L1-sci.00000404.cat 300.1590954 +22.7018785 11978.64 176.9292
bdf-L1-sci.00000405.cat 300.1591565 +22.7022635 11973.24 177.7213
bdf-L1-sci.00000406.cat 300.1591645 +22.7018741 12119.19 177.8823
bdf-L1-sci.00000407.cat 300.1590802 +22.7018923 11884.67 179.2076
bdf-L1-sci.00000408.cat 300.1590966 +22.7019076 12002.66 178.4968
bdf-L1-sci.00000409.cat 300.1591221 +22.7022574 11970.41 178.9239
bdf-L1-sci.00000410.cat 300.1591195 +22.7019314 12030.75 178.8071
bdf-L1-sci.00000411.cat 300.1591254 +22.7019224 11882.06 178.4211
bdf-L1-sci.00000412.cat 300.1590670 +22.7018822 11971.11 178.4082
bdf-L1-sci.00000413.cat 300.1591014 +22.7018608 11861.7 178.3308
bdf-L1-sci.00000414.cat 300.1591177 +22.7018458 11888.83 178.3343
bdf-L1-sci.00000415.cat 300.1591122 +22.7023125 11625.14 178.5106
bdf-L1-sci.00000416.cat 300.1590886 +22.7022790 11929.27 179.4831
bdf-L1-sci.00000417.cat 300.1591130 +22.7018476 11958.58 178.3926
bdf-L1-sci.00000418.cat 300.1591285 +22.7019213 11851.82 178.6164
bdf-L1-sci.00000419.cat 300.1591519 +22.7022740 11809.4 178.1439
bdf-L1-sci.00000420.cat 300.1590741 +22.7019160 11911.66 178.5425
bdf-L1-sci.00000421.cat 300.1591458 +22.7018558 12076.46 178.8187
bdf-L1-sci.00000422.cat 300.1590601 +22.7018694 11886.11 179.5282
bdf-L1-sci.00000423.cat 300.1591286 +22.7018802 11720.43 179.5813
bdf-L1-sci.00000424.cat 300.1591277 +22.7018411 11852.79 179.9577
bdf-L1-sci.00000425.cat 300.1591445 +22.7018660 11969.36 180.3449
bdf-L1-sci.00000426.cat 300.1591163 +22.7019120 11501.94 179.0711
bdf-L1-sci.00000427.cat 300.1591666 +22.7019020 11636.74 178.766
bdf-L1-sci.00000428.cat 300.1590683 +22.7019708 11690.78 179.7474
bdf-L1-sci.00000429.cat 300.1591555 +22.7019467 11606.7 179.5507
bdf-L1-sci.00000430.cat 300.1591183 +22.7019319 11843.8 180.0307
bdf-L1-sci.00000431.cat 300.1591677 +22.7019028 11933.97 179.9145
bdf-L1-sci.00000432.cat 300.1591981 +22.7019075 11763.84 179.876
bdf-L1-sci.00000433.cat 300.1591157 +22.7019323 11660.03 179.7831
bdf-L1-sci.00000434.cat 300.1591523 +22.7019169 11889.27 179.9483
bdf-L1-sci.00000435.cat 300.1591642 +22.7018989 11754.93 178.9475
bdf-L1-sci.00000436.cat 300.1591658 +22.7019449 11770.07 178.2261
bdf-L1-sci.00000437.cat 300.1591320 +22.7019295 11887.75 178.7954
bdf-L1-sci.00000438.cat 300.1590860 +22.7019003 11625.85 178.7565
bdf-L1-sci.00000439.cat 300.1591595 +22.7019310 11814.95 179.157
bdf-L1-sci.00000440.cat 300.1591117 +22.7019142 11721.46 178.8214
bdf-L1-sci.00000441.cat 300.1591186 +22.7018928 11724.2 178.7334
bdf-L1-sci.00000442.cat 300.1591178 +22.7019194 11872.61 178.931
bdf-L1-sci.00000443.cat 300.1591191 +22.7019205 11751.41 178.7051
bdf-L1-sci.00000444.cat 300.1591450 +22.7019155 11857.23 179.6266
bdf-L1-sci.00000445.cat 300.1590898 +22.7019422 11823.62 179.0838
bdf-L1-sci.00000446.cat 300.1591441 +22.7018768 11663.38 178.8348
bdf-L1-sci.00000447.cat 300.1589955 +22.7019753 11419.43 178.8222
bdf-L1-sci.00000448.cat 300.1591415 +22.7019474 12007.95 179.5166
bdf-L1-sci.00000449.cat 300.1591023 +22.7019663 11479.72 178.6265
bdf-L1-sci.00000450.cat 300.1591487 +22.7019404 11668.22 178.6118
bdf-L1-sci.00000451.cat 300.1592099 +22.7019335 11793.08 179.4204
bdf-L1-sci.00000452.cat 300.1591206 +22.7019252 12041.63 179.9892
bdf-L1-sci.00000453.cat 300.1591639 +22.7019538 11437.63 178.9255
bdf-L1-sci.00000454.cat 300.1591562 +22.7019455 11551.79 179.4123
bdf-L1-sci.00000455.cat 300.1591482 +22.7020167 11553.82 178.9915
bdf-L1-sci.00000456.cat 300.1591369 +22.7019259 11603.6 179.0831
bdf-L1-sci.00000457.cat 300.1591350 +22.7018968 11673.67 179.4954
bdf-L1-sci.00000458.cat 300.1591413 +22.7019048 11855.63 179.8345
bdf-L1-sci.00000459.cat 300.1591281 +22.7019571 11632.93 179.5591
bdf-L1-sci.00000460.cat 300.1591075 +22.7019074 11810.12 180.3137
bdf-L1-sci.00000461.cat 300.1591163 +22.7019037 11648.96 180.2274
bdf-L1-sci.00000462.cat 300.1591541 +22.7019846 11585.37 180.6081
bdf-L1-sci.00000463.cat 300.1591325 +22.7018644 11155.95 180.7789
bdf-L1-sci.00000464.cat 300.1591592 +22.7022891 11488.74 180.9091
bdf-L1-sci.00000465.cat 300.1591626 +22.7019253 11824.39 181.8708
bdf-L1-sci.00000466.cat 300.1591260 +22.7019081 11939.23 181.7943
bdf-L1-sci.00000467.cat 300.1592093 +22.7019112 11825.22 181.9634
bdf-L1-sci.00000468.cat 300.1591258 +22.7019048 11405.98 181.3606
bdf-L1-sci.00000469.cat 300.1591248 +22.7018831 11684.13 182.4587
bdf-L1-sci.00000470.cat 300.1591313 +22.7019220 11512.49 181.9364
bdf-L1-sci.00000471.cat 300.1591797 +22.7018953 11827.15 183.3306
bdf-L1-sci.00000472.cat 300.1591316 +22.7019111 11555.15 182.606
bdf-L1-sci.00000473.cat 300.1591387 +22.7018909 11764.19 182.8064
bdf-L1-sci.00000474.cat 300.1591271 +22.7019217 11184 182.3062
bdf-L1-sci.00000475.cat 300.1591143 +22.7019634 11065.51 182.6468
bdf-L1-sci.00000476.cat 300.1591478 +22.7019562 11386.5 182.5697
bdf-L1-sci.00000477.cat 300.1591166 +22.7019065 10763.59 182.5677
bdf-L1-sci.00000478.cat 300.1591195 +22.7019461 11128.04 182.2222
bdf-L1-sci.00000479.cat 300.1591750 +22.7018934 11161.33 182.3268
bdf-L1-sci.00000480.cat 300.1591504 +22.7019476 11276.11 182.7081
bdf-L1-sci.00000481.cat 300.1590952 +22.7019325 11603.32 182.4644
bdf-L1-sci.00000482.cat 300.1591426 +22.7019536 11414.48 183.4535
bdf-L1-sci.00000483.cat 300.1591551 +22.7018896 11502.95 182.6624
bdf-L1-sci.00000484.cat 300.1591178 +22.7019296 11224.25 182.5138
bdf-L1-sci.00000485.cat 300.1590785 +22.7019379 11733.74 180.3212
bdf-L1-sci.00000486.cat 300.1591707 +22.7018894 11830.04 180.3861
bdf-L1-sci.00000487.cat 300.1591775 +22.7019154 11308.23 180.1861
bdf-L1-sci.00000488.cat 300.1591381 +22.7019153 12330.1 181.9784
bdf-L1-sci.00000489.cat 300.1591547 +22.7019194 11557.51 180.8045
bdf-L1-sci.00000490.cat 300.1591441 +22.7019181 11626.82 181.3687
bdf-L1-sci.00000491.cat 300.1591223 +22.7019242 11652.23 180.9684
bdf-L1-sci.00000492.cat 300.1591500 +22.7019128 11551.98 180.3141
bdf-L1-sci.00000493.cat 300.1591548 +22.7019920 11284.81 180.8187
bdf-L1-sci.00000494.cat 300.1591234 +22.7019198 11620.84 180.9492
bdf-L1-sci.00000495.cat 300.1591187 +22.7019009 11156.98 180.005
bdf-L1-sci.00000496.cat 300.1591403 +22.7019057 11235.46 180.9764
bdf-L1-sci.00000497.cat 300.1591312 +22.7019527 11298.65 181.1713
bdf-L1-sci.00000498.cat 300.1591497 +22.7019254 11593.53 180.864
bdf-L1-sci.00000499.cat 300.1591190 +22.7019069 11396.22 181.2396
bdf-L1-sci.00000500.cat 300.1591527 +22.7018925 11820.5 181.3883
bdf-L1-sci.00000501.cat 300.1591160 +22.7019361 11383.5 181.0142
bdf-L1-sci.00000502.cat 300.1591199 +22.7019110 11456.62 181.3712
bdf-L1-sci.00000503.cat 300.1591228 +22.7019415 11313.71 180.3129
bdf-L1-sci.00000504.cat 300.1591947 +22.7019003 11311.24 180.5275
bdf-L1-sci.00000505.cat 300.1590873 +22.7019200 11826.48 181.4753
bdf-L1-sci.00000506.cat 300.1591452 +22.7019389 11445.3 180.4566
bdf-L1-sci.00000507.cat 300.1591090 +22.7019535 11350.12 180.6072
bdf-L1-sci.00000508.cat 300.1591315 +22.7019241 11303.39 180.2123
bdf-L1-sci.00000509.cat 300.1591727 +22.7018842 11499.75 180.6783
bdf-L1-sci.00000510.cat 300.1591081 +22.7019462 10957 179.8353
bdf-L1-sci.00000511.cat 300.1591195 +22.7019010 11801.83 180.0283
bdf-L1-sci.00000512.cat 300.1591336 +22.7018874 11211.19 179.3268
bdf-L1-sci.00000513.cat 300.1590677 +22.7019066 11392.96 178.936
bdf-L1-sci.00000514.cat 300.1591775 +22.7019374 11312.15 179.686
bdf-L1-sci.00000515.cat 300.1591208 +22.7019350 11228.3 179.5027
bdf-L1-sci.00000516.cat 300.1591120 +22.7019210 11456.44 180.0571
bdf-L1-sci.00000517.cat 300.1591567 +22.7018995 11180.03 180.1972
bdf-L1-sci.00000518.cat 300.1591550 +22.7019424 11017.81 180.2635
bdf-L1-sci.00000519.cat 300.1590705 +22.7019205 11294.31 181.1187
bdf-L1-sci.00000520.cat 300.1591568 +22.7019376 10996.76 180.5823
bdf-L1-sci.00000521.cat 300.1591337 +22.7019679 11071.6 180.4217
bdf-L1-sci.00000522.cat 300.1590775 +22.7019721 11032.31 179.4248
bdf-L1-sci.00000523.cat 300.1591257 +22.7019399 11251.63 179.9168
bdf-L1-sci.00000524.cat 300.1592603 +22.7019058 11267.56 180.629
bdf-L1-sci.00000525.cat 300.1591504 +22.7019055 11449.3 180.2132
bdf-L1-sci.00000526.cat 300.1591366 +22.7018995 10882.22 179.8612
bdf-L1-sci.00000527.cat 300.1591662 +22.7019106 11141.84 180.1854
bdf-L1-sci.00000528.cat 300.1591809 +22.7019425 11198.7 180.0523
bdf-L1-sci.00000529.cat 300.1591852 +22.7019354 10973.75 179.6613
bdf-L1-sci.00000530.cat 300.1591637 +22.7019216 10999.55 180.0679
bdf-L1-sci.00000531.cat 300.1591739 +22.7019128 11045.32 179.7823
bdf-L1-sci.00000532.cat 300.1591222 +22.7019294 11204.53 179.9295
bdf-L1-sci.00000533.cat 300.1591335 +22.7018907 11212.19 179.9436
bdf-L1-sci.00000534.cat 300.1591902 +22.7019142 11357.35 180.5508
bdf-L1-sci.00000535.cat 300.1591814 +22.7019354 11085.72 180.6561
bdf-L1-sci.00000536.cat 300.1591699 +22.7019238 11327.57 180.6202
bdf-L1-sci.00000538.cat 300.1591542 +22.7019428 11382.14 179.7407
bdf-L1-sci.00000539.cat 300.1591888 +22.7019434 11122.54 179.5363
bdf-L1-sci.00000540.cat 300.1591651 +22.7019501 10954.32 179.0442
bdf-L1-sci.00000541.cat 300.1592843 +22.7018564 11104.88 179.3032
bdf-L1-sci.00000542.cat 300.1591232 +22.7019065 10864.63 178.7656
bdf-L1-sci.00000543.cat 300.1592282 +22.7019243 11569.25 180.2106
bdf-L1-sci.00000544.cat 300.1592818 +22.7018738 11189.74 180.5271
bdf-L1-sci.00000545.cat 300.1591525 +22.7019031 11259.26 180.6547
bdf-L1-sci.00000546.cat 300.1591529 +22.7018764 7358.179 181.0068
bdf-L1-sci.00000547.cat 300.1590924 +22.7018587 4865.558 182.3539
bdf-L1-sci.00000548.cat 300.1591577 +22.7018986 2976.536 178.3362
bdf-L1-sci.00000549.cat 300.1591708 +22.7020342 2948.649 179.6536
bdf-L1-sci.00000561.cat 300.1591799 +22.7019265 8270.07 183.1008
bdf-L1-sci.00000562.cat 300.1591627 +22.7018717 11021.29 180.6949
bdf-L1-sci.00000563.cat 300.1591007 +22.7018870 11580.19 181.0396
bdf-L1-sci.00000564.cat 300.1591364 +22.7018920 11277.77 180.8437
bdf-L1-sci.00000566.cat 300.1591764 +22.7019063 10901.84 180.072
bdf-L1-sci.00000567.cat 300.1591839 +22.7019183 11537.46 180.3808
bdf-L1-sci.00000568.cat 300.1591733 +22.7019279 11463.63 180.3438
bdf-L1-sci.00000569.cat 300.1591212 +22.7019012 11169.49 180.0452
bdf-L1-sci.00000570.cat 300.1591396 +22.7018921 11360.92 180.3576
bdf-L1-sci.00000571.cat 300.1591017 +22.7019146 11322.07 180.5372
bdf-L1-sci.00000572.cat 300.1591657 +22.7018742 11268.2 179.9662
bdf-L1-sci.00000573.cat 300.1591339 +22.7019263 11347.92 180.2289
bdf-L1-sci.00000574.cat 300.1591392 +22.7019210 11229.92 179.8609
bdf-L1-sci.00000575.cat 300.1591184 +22.7019149 10893.26 179.5358
bdf-L1-sci.00000576.cat 300.1591757 +22.7019387 10877.73 179.954
bdf-L1-sci.00000577.cat 300.1591768 +22.7019137 10945.68 179.8507
bdf-L1-sci.00000578.cat 300.1591801 +22.7018908 10650.96 179.4618
bdf-L1-sci.00000579.cat 300.1591596 +22.7018933 11010.82 180.2677
bdf-L1-sci.00000580.cat 300.1592325 +22.7019378 11150.93 180.3094
bdf-L1-sci.00000581.cat 300.1591998 +22.7019148 11324.54 180.4797
bdf-L1-sci.00000582.cat 300.1591029 +22.7019032 11113.61 180.5474
bdf-L1-sci.00000583.cat 300.1591283 +22.7019347 11038.09 180.134
bdf-L1-sci.00000584.cat 300.1591141 +22.7019500 11134.25 180.5152
bdf-L1-sci.00000585.cat 300.1591217 +22.7019785 10779.35 179.8432
bdf-L1-sci.00000586.cat 300.1590959 +22.7022660 11030.5 180.1774
bdf-L1-sci.00000587.cat 300.1591110 +22.7019330 11152.9 180.2075
bdf-L1-sci.00000588.cat 300.1591354 +22.7019192 11269.52 180.7929
bdf-L1-sci.00000589.cat 300.1591213 +22.7019141 11485.37 180.9447
bdf-L1-sci.00000590.cat 300.1591304 +22.7019230 11218.87 180.6746
bdf-L1-sci.00000591.cat 300.1591319 +22.7019420 11277.4 180.5923
bdf-L1-sci.00000592.cat 300.1591334 +22.7019494 10968.37 180.2159
bdf-L1-sci.00000593.cat 300.1591159 +22.7019069 11283.25 180.95
bdf-L1-sci.00000594.cat 300.1592079 +22.7019395 11061.87 180.4959
