bdf-L1-sci.00000001.cat 300.2944239 +22.8330657 13299.61 176.6299
bdf-L1-sci.00000002.cat 300.2944722 +22.8330490 13318.09 175.9821
bdf-L1-sci.00000003.cat 300.2944773 +22.8330689 13382.04 175.8423
bdf-L1-sci.00000004.cat 300.2944695 +22.8330367 13243.68 176.0573
bdf-L1-sci.00000005.cat 300.2944517 +22.8330425 13276.62 176.3034
bdf-L1-sci.00000006.cat 300.2944715 +22.8331201 13375.47 176.6599
bdf-L1-sci.00000007.cat 300.2944097 +22.8331530 13476.29 177.3474
bdf-L1-sci.00000008.cat 300.2944677 +22.8331475 13535.69 177.5748
bdf-L1-sci.00000009.cat 300.2944044 +22.8331439 13535.63 177.7482
bdf-L1-sci.00000010.cat 300.2943355 +22.8331372 13274.89 177.3859
bdf-L1-sci.00000011.cat 300.2947777 +22.8332047 13352.01 177.9179
bdf-L1-sci.00000012.cat 300.2944474 +22.8331592 13587.71 177.3298
bdf-L1-sci.00000013.cat 300.2942968 +22.8330921 13686.08 177.2164
bdf-L1-sci.00000014.cat 300.2944405 +22.8331228 13551.52 176.5996
bdf-L1-sci.00000015.cat 300.2944564 +22.8331478 13596.8 178.2356
bdf-L1-sci.00000016.cat 300.2944144 +22.8330899 13840.84 178.9698
bdf-L1-sci.00000017.cat 300.2944846 +22.8330707 13402.09 177.93
bdf-L1-sci.00000018.cat 300.2943877 +22.8330799 13675.74 177.1654
bdf-L1-sci.00000019.cat 300.2944541 +22.8331414 13487.55 175.8123
bdf-L1-sci.00000020.cat 300.2944181 +22.8331916 13653.79 175.6148
bdf-L1-sci.00000021.cat 300.2944701 +22.8331126 13599.47 177.0466
bdf-L1-sci.00000022.cat 300.2944390 +22.8331669 13425.37 175.6099
bdf-L1-sci.00000023.cat 300.2944812 +22.8331013 13523.51 176.4464
bdf-L1-sci.00000024.cat 300.2942518 +22.8326071 13605.64 176.9318
bdf-L1-sci.00000025.cat 300.2945029 +22.8331858 13559.03 176.4376
bdf-L1-sci.00000026.cat 300.2944248 +22.8331379 13522.13 176.4589
bdf-L1-sci.00000027.cat 300.2944607 +22.8331723 9525.035 171.2762
bdf-L1-sci.00000028.cat 300.2944947 +22.8331713 13402.12 176.4694
bdf-L1-sci.00000029.cat 300.2944734 +22.8330758 13349.91 176.5624
bdf-L1-sci.00000030.cat 300.2943616 +22.8331134 13677.78 177.1336
bdf-L1-sci.00000031.cat 300.2944073 +22.8331151 13766.45 177.657
bdf-L1-sci.00000032.cat 300.2944402 +22.8331098 13413.69 176.4198
bdf-L1-sci.00000033.cat 300.2944737 +22.8331746 13355.82 176.9157
bdf-L1-sci.00000034.cat 300.2944419 +22.8330783 13416.54 176.2808
bdf-L1-sci.00000035.cat 300.2944291 +22.8331687 13162.73 175.9591
bdf-L1-sci.00000036.cat 300.2944405 +22.8331049 13262.65 176.5446
bdf-L1-sci.00000037.cat 300.2943846 +22.8330274 13437.63 176.6684
bdf-L1-sci.00000038.cat 300.2944417 +22.8331356 13722.84 176.9935
bdf-L1-sci.00000039.cat 300.2944261 +22.8331041 13588.39 176.5843
bdf-L1-sci.00000040.cat 300.2944445 +22.8330252 13495.32 176.934
bdf-L1-sci.00000041.cat 300.2944464 +22.8331676 13569.02 176.1566
bdf-L1-sci.00000042.cat 300.2944149 +22.8330976 13455.14 176.2882
bdf-L1-sci.00000043.cat 300.2944329 +22.8331079 13214.99 175.8834
bdf-L1-sci.00000044.cat 300.2944638 +22.8331176 13712.35 176.6666
bdf-L1-sci.00000045.cat 300.2944990 +22.8331416 13579.52 176.0519
bdf-L1-sci.00000046.cat 300.2944801 +22.8330787 13382.98 176.5147
bdf-L1-sci.00000047.cat 300.2944601 +22.8331217 13406.45 176.0782
bdf-L1-sci.00000048.cat 300.2944464 +22.8331133 13507.79 176.5897
bdf-L1-sci.00000049.cat 300.2944276 +22.8331117 13338.15 176.4657
bdf-L1-sci.00000050.cat 300.2943826 +22.8331710 13099.48 176.3033
bdf-L1-sci.00000051.cat 300.2944853 +22.8331338 13357.89 176.1298
bdf-L1-sci.00000052.cat 300.2943193 +22.8330501 13330.25 176.0943
bdf-L1-sci.00000053.cat 300.2944458 +22.8331446 13476.53 176.577
bdf-L1-sci.00000054.cat 300.2944673 +22.8330832 13428.77 176.269
bdf-L1-sci.00000055.cat 300.2944670 +22.8331169 13388.97 176.1756
bdf-L1-sci.00000056.cat 300.2944369 +22.8330925 13439.68 176.929
bdf-L1-sci.00000057.cat 300.2944946 +22.8330698 13480.11 176.5703
bdf-L1-sci.00000058.cat 300.2944817 +22.8331088 13561.18 176.7922
bdf-L1-sci.00000059.cat 300.2944550 +22.8331489 13645.91 177.1669
bdf-L1-sci.00000060.cat 300.2945154 +22.8331366 13392.2 175.8175
bdf-L1-sci.00000061.cat 300.2944753 +22.8330926 13371.43 175.8961
bdf-L1-sci.00000062.cat 300.2944633 +22.8330456 13474.39 176.007
bdf-L1-sci.00000064.cat 300.2943989 +22.8330365 13511.31 176.6897
bdf-L1-sci.00000065.cat 300.2942678 +22.8330198 13385.71 178.4693
bdf-L1-sci.00000066.cat 300.2944208 +22.8329753 13401.2 177.1517
bdf-L1-sci.00000067.cat 300.2943633 +22.8330897 13497.55 176.4397
bdf-L1-sci.00000068.cat 300.2943655 +22.8330085 13161.54 175.8506
bdf-L1-sci.00000069.cat 300.2944162 +22.8330278 13660.69 176.7273
bdf-L1-sci.00000070.cat 300.2943310 +22.8330571 13207.03 175.6311
bdf-L1-sci.00000071.cat 300.2943912 +22.8330558 13678.39 176.8009
bdf-L1-sci.00000072.cat 300.2944592 +22.8330857 13178.82 176.2429
bdf-L1-sci.00000073.cat 300.2944114 +22.8330659 13594.38 176.1903
bdf-L1-sci.00000074.cat 300.2944532 +22.8331368 13487.39 176.02
bdf-L1-sci.00000075.cat 300.2944222 +22.8330789 13488.28 176.4342
bdf-L1-sci.00000076.cat 300.2944453 +22.8331205 13654.03 176.0983
bdf-L1-sci.00000077.cat 300.2943820 +22.8331196 13539.92 175.9796
bdf-L1-sci.00000078.cat 300.2943903 +22.8331019 13797.43 176.7651
bdf-L1-sci.00000079.cat 300.2943975 +22.8331826 13704.22 176.0639
bdf-L1-sci.00000080.cat 300.2944260 +22.8331286 13505.63 176.2395
bdf-L1-sci.00000081.cat 300.2944010 +22.8330573 13468.4 175.9123
bdf-L1-sci.00000082.cat 300.2944237 +22.8331041 13506.57 175.7135
bdf-L1-sci.00000083.cat 300.2944803 +22.8329289 13509.37 175.8143
bdf-L1-sci.00000084.cat 300.2943862 +22.8331260 13583.41 175.9934
bdf-L1-sci.00000085.cat 300.2943765 +22.8331099 13732.61 176.3997
bdf-L1-sci.00000086.cat 300.2943671 +22.8331508 13633.04 176.554
bdf-L1-sci.00000087.cat 300.2944126 +22.8331004 13834.22 176.3856
bdf-L1-sci.00000088.cat 300.2944194 +22.8330772 13445 175.8638
bdf-L1-sci.00000089.cat 300.2943779 +22.8331140 13475.27 175.8936
bdf-L1-sci.00000090.cat 300.2943620 +22.8330730 13210.91 175.3666
bdf-L1-sci.00000091.cat 300.2944299 +22.8330771 13415.61 175.809
bdf-L1-sci.00000092.cat 300.2944021 +22.8330379 13423.88 176.3149
bdf-L1-sci.00000093.cat 300.2944302 +22.8331006 13563.25 176.4314
bdf-L1-sci.00000095.cat 300.2944428 +22.8331746 13359.06 176.442
bdf-L1-sci.00000096.cat 300.2943842 +22.8330258 13321.84 176.0874
bdf-L1-sci.00000097.cat 300.2944553 +22.8330609 13016.75 175.1218
bdf-L1-sci.00000098.cat 300.2943775 +22.8330790 13730.61 175.7036
bdf-L1-sci.00000099.cat 300.2943308 +22.8330092 13182.25 175.014
bdf-L1-sci.00000100.cat 300.2944276 +22.8330548 13366.39 175.1452
bdf-L1-sci.00000101.cat 300.2944214 +22.8330766 13613.96 175.457
bdf-L1-sci.00000102.cat 300.2944078 +22.8330505 12822.9 175.4655
bdf-L1-sci.00000103.cat 300.2943921 +22.8330804 13460.22 176.6736
bdf-L1-sci.00000104.cat 300.2944057 +22.8330046 13536.97 176.2024
bdf-L1-sci.00000105.cat 300.2942790 +22.8330508 13592.44 175.5101
bdf-L1-sci.00000106.cat 300.2943712 +22.8330759 13480.52 175.1216
bdf-L1-sci.00000107.cat 300.2943977 +22.8330916 13543.82 175.1178
bdf-L1-sci.00000108.cat 300.2944358 +22.8331227 13273.96 175.0932
bdf-L1-sci.00000109.cat 300.2943407 +22.8330790 13525.11 175.7651
bdf-L1-sci.00000110.cat 300.2944349 +22.8330459 13426.21 175.0295
bdf-L1-sci.00000111.cat 300.2944740 +22.8331491 13300.99 175.3499
bdf-L1-sci.00000112.cat 300.2944031 +22.8330678 13540.72 175.9728
bdf-L1-sci.00000113.cat 300.2944311 +22.8330660 13162.12 175.6714
bdf-L1-sci.00000114.cat 300.2943723 +22.8330999 13677.96 176.156
bdf-L1-sci.00000115.cat 300.2943718 +22.8330311 13519.14 175.5898
bdf-L1-sci.00000116.cat 300.2944230 +22.8330323 13387.92 175.5913
bdf-L1-sci.00000117.cat 300.2943950 +22.8330915 13579.31 175.9039
bdf-L1-sci.00000118.cat 300.2943932 +22.8331047 13270.21 175.2814
bdf-L1-sci.00000119.cat 300.2943050 +22.8329974 13750.73 176.424
bdf-L1-sci.00000120.cat 300.2943343 +22.8331188 13541.16 175.8919
bdf-L1-sci.00000121.cat 300.2943980 +22.8330807 13501.61 175.6408
bdf-L1-sci.00000122.cat 300.2943813 +22.8331465 13324.56 174.932
bdf-L1-sci.00000123.cat 300.2944180 +22.8331277 13119.66 174.2354
bdf-L1-sci.00000124.cat 300.2944336 +22.8331262 13263.82 174.3952
bdf-L1-sci.00000125.cat 300.2944556 +22.8331096 13656.29 175.4559
bdf-L1-sci.00000126.cat 300.2943887 +22.8330846 13354.04 174.9024
bdf-L1-sci.00000127.cat 300.2944167 +22.8331143 13316.07 175.1991
bdf-L1-sci.00000128.cat 300.2944140 +22.8330959 13321.61 175.0067
bdf-L1-sci.00000129.cat 300.2944669 +22.8330749 13535.77 175.401
bdf-L1-sci.00000130.cat 300.2944393 +22.8331113 13352.05 174.7531
bdf-L1-sci.00000131.cat 300.2944135 +22.8330924 13196.16 174.5862
bdf-L1-sci.00000132.cat 300.2943760 +22.8330347 13452.77 175.1818
bdf-L1-sci.00000133.cat 300.2944624 +22.8330442 13329.89 174.517
bdf-L1-sci.00000134.cat 300.2944601 +22.8331131 13350.29 174.7142
bdf-L1-sci.00000135.cat 300.2944344 +22.8331641 13130.15 174.7844
bdf-L1-sci.00000136.cat 300.2944267 +22.8331568 13157.5 174.5007
bdf-L1-sci.00000137.cat 300.2944478 +22.8330926 13282.77 174.3043
bdf-L1-sci.00000138.cat 300.2944250 +22.8331189 13278.82 175.1413
bdf-L1-sci.00000139.cat 300.2944240 +22.8331208 13371.23 174.9743
bdf-L1-sci.00000140.cat 300.2944074 +22.8331301 13555.35 175.3712
bdf-L1-sci.00000141.cat 300.2944117 +22.8331206 13561.16 175.3527
bdf-L1-sci.00000142.cat 300.2943755 +22.8331747 13538.93 175.3932
bdf-L1-sci.00000143.cat 300.2944473 +22.8331362 13443.75 175.3449
bdf-L1-sci.00000144.cat 300.2944080 +22.8330684 13421.07 174.9253
bdf-L1-sci.00000145.cat 300.2942914 +22.8330750 13375.14 174.9638
bdf-L1-sci.00000146.cat 300.2944100 +22.8330543 13310.35 175.0729
bdf-L1-sci.00000147.cat 300.2944526 +22.8331056 13484.59 175.4176
bdf-L1-sci.00000148.cat 300.2944330 +22.8330113 13314.68 175.1577
bdf-L1-sci.00000149.cat 300.2944283 +22.8330402 13371.72 174.8154
bdf-L1-sci.00000150.cat 300.2944977 +22.8331448 13267.37 174.2557
bdf-L1-sci.00000151.cat 300.2944120 +22.8330657 13364.11 174.5581
bdf-L1-sci.00000152.cat 300.2944298 +22.8330964 13542.83 175.7496
bdf-L1-sci.00000153.cat 300.2944218 +22.8331072 13617.34 175.6686
bdf-L1-sci.00000154.cat 300.2944170 +22.8331173 13610.82 176.49
bdf-L1-sci.00000155.cat 300.2944456 +22.8331191 13283.41 175.1635
bdf-L1-sci.00000156.cat 300.2944713 +22.8331644 13726.08 176.4401
bdf-L1-sci.00000157.cat 300.2944384 +22.8330346 13445.52 175.1795
bdf-L1-sci.00000158.cat 300.2944413 +22.8330519 13578 175.3651
bdf-L1-sci.00000159.cat 300.2944094 +22.8330698 13401.46 175.2479
bdf-L1-sci.00000160.cat 300.2943511 +22.8331067 13330.11 175.6402
bdf-L1-sci.00000161.cat 300.2944673 +22.8331131 13435.13 175.5073
bdf-L1-sci.00000162.cat 300.2944484 +22.8331624 13402 174.8647
bdf-L1-sci.00000163.cat 300.2944291 +22.8331107 13400.23 175.3751
bdf-L1-sci.00000164.cat 300.2944546 +22.8330784 13481.68 175.4263
bdf-L1-sci.00000165.cat 300.2944779 +22.8331387 13687.55 175.8611
bdf-L1-sci.00000166.cat 300.2944239 +22.8330441 13189.2 174.8328
bdf-L1-sci.00000167.cat 300.2944313 +22.8330896 13256.68 174.8103
bdf-L1-sci.00000168.cat 300.2944007 +22.8330330 13254.07 175.4064
bdf-L1-sci.00000169.cat 300.2943875 +22.8330620 13184.88 175.068
bdf-L1-sci.00000170.cat 300.2944265 +22.8330735 13299.07 175.1265
bdf-L1-sci.00000171.cat 300.2944237 +22.8330683 13003.95 174.5337
bdf-L1-sci.00000172.cat 300.2943616 +22.8330745 13317.62 174.6184
bdf-L1-sci.00000173.cat 300.2943632 +22.8331981 13292.12 174.203
bdf-L1-sci.00000174.cat 300.2943928 +22.8330423 13180.5 173.8319
bdf-L1-sci.00000175.cat 300.2943721 +22.8330793 13331.26 174.7489
bdf-L1-sci.00000176.cat 300.2944004 +22.8330724 13375.89 174.6045
bdf-L1-sci.00000177.cat 300.2944225 +22.8330384 13167.75 174.5699
bdf-L1-sci.00000178.cat 300.2943720 +22.8330500 13511.28 175.4379
bdf-L1-sci.00000179.cat 300.2943774 +22.8331553 13149.81 174.7508
bdf-L1-sci.00000180.cat 300.2944510 +22.8331217 13110.59 174.7968
bdf-L1-sci.00000181.cat 300.2943801 +22.8331399 13167.98 174.882
bdf-L1-sci.00000182.cat 300.2944398 +22.8330286 13377.49 175.4587
bdf-L1-sci.00000183.cat 300.2944742 +22.8331518 13161.04 175.0181
bdf-L1-sci.00000184.cat 300.2944062 +22.8330033 13243.36 175.0344
bdf-L1-sci.00000185.cat 300.2943997 +22.8330665 13157.64 174.923
bdf-L1-sci.00000186.cat 300.2944076 +22.8330965 13194.86 174.7977
bdf-L1-sci.00000187.cat 300.2943953 +22.8330885 13417.74 175.9786
bdf-L1-sci.00000188.cat 300.2944730 +22.8331211 13310.88 175.5154
bdf-L1-sci.00000189.cat 300.2944631 +22.8331201 13046.99 174.3282
bdf-L1-sci.00000190.cat 300.2944221 +22.8330990 13561.9 175.7799
bdf-L1-sci.00000191.cat 300.2944216 +22.8330807 13591.36 175.615
bdf-L1-sci.00000192.cat 300.2944432 +22.8331688 13384.71 174.67
bdf-L1-sci.00000193.cat 300.2944282 +22.8331193 13542.82 175.4748
bdf-L1-sci.00000194.cat 300.2943984 +22.8330861 13368.19 175.6384
bdf-L1-sci.00000195.cat 300.2944497 +22.8330799 13178.3 174.412
bdf-L1-sci.00000196.cat 300.2944223 +22.8331029 13134.81 174.4256
bdf-L1-sci.00000198.cat 300.2945118 +22.8331555 13142.34 174.5159
bdf-L1-sci.00000199.cat 300.2943061 +22.8330809 13383.3 174.8864
bdf-L1-sci.00000200.cat 300.2944443 +22.8331595 13068.09 175.2656
bdf-L1-sci.00000201.cat 300.2944455 +22.8331264 13407.73 175.018
bdf-L1-sci.00000202.cat 300.2944038 +22.8330195 13213.46 174.9975
bdf-L1-sci.00000203.cat 300.2943219 +22.8330291 13225.06 175.197
bdf-L1-sci.00000204.cat 300.2944425 +22.8330488 13096.2 174.9577
bdf-L1-sci.00000205.cat 300.2944053 +22.8330025 13424.44 174.8233
bdf-L1-sci.00000206.cat 300.2943994 +22.8330433 13297.55 175.6234
bdf-L1-sci.00000207.cat 300.2944935 +22.8331529 13367.71 175.1431
bdf-L1-sci.00000208.cat 300.2944237 +22.8330499 13519.39 175.1715
bdf-L1-sci.00000209.cat 300.2943958 +22.8330929 13182.12 175.5999
bdf-L1-sci.00000210.cat 300.2944506 +22.8330390 13358.13 175.1855
bdf-L1-sci.00000211.cat 300.2944326 +22.8330959 13517.78 175.4866
bdf-L1-sci.00000212.cat 300.2943622 +22.8330305 13236.02 174.3745
bdf-L1-sci.00000213.cat 300.2943975 +22.8330421 13247.04 174.8844
bdf-L1-sci.00000214.cat 300.2943957 +22.8330684 13345.68 175.0418
bdf-L1-sci.00000215.cat 300.2944885 +22.8331393 13557.82 175.8387
bdf-L1-sci.00000216.cat 300.2944184 +22.8330875 13114.16 176.0886
bdf-L1-sci.00000217.cat 300.2944901 +22.8331501 13279.08 175.5569
bdf-L1-sci.00000218.cat 300.2943383 +22.8331038 13321.23 175.5877
bdf-L1-sci.00000219.cat 300.2944240 +22.8330535 13517.81 176.317
bdf-L1-sci.00000220.cat 300.2944169 +22.8330357 13161.15 175.6502
bdf-L1-sci.00000221.cat 300.2945055 +22.8331390 13199.39 175.672
bdf-L1-sci.00000222.cat 300.2943730 +22.8330466 13225.08 175.4798
bdf-L1-sci.00000223.cat 300.2943920 +22.8330638 13096.13 174.3611
bdf-L1-sci.00000224.cat 300.2944457 +22.8330342 13697.95 175.6389
bdf-L1-sci.00000225.cat 300.2944820 +22.8331362 13227.96 175.1744
bdf-L1-sci.00000226.cat 300.2944513 +22.8330913 12955.22 174.6701
bdf-L1-sci.00000227.cat 300.2945031 +22.8331093 13553.86 175.4501
bdf-L1-sci.00000228.cat 300.2944829 +22.8331363 13071.9 174.5483
bdf-L1-sci.00000229.cat 300.2944732 +22.8331589 13361.3 175.2469
bdf-L1-sci.00000230.cat 300.2944891 +22.8331394 13423.04 175.1638
bdf-L1-sci.00000231.cat 300.2944880 +22.8331408 13317.75 174.9662
bdf-L1-sci.00000232.cat 300.2944903 +22.8331579 13321.97 175.207
bdf-L1-sci.00000233.cat 300.2945077 +22.8331541 13239.05 175.5098
bdf-L1-sci.00000234.cat 300.2944949 +22.8331443 13524.5 175.7109
bdf-L1-sci.00000235.cat 300.2945040 +22.8331556 13340.54 175.1545
bdf-L1-sci.00000236.cat 300.2944739 +22.8331544 13176.05 174.7808
bdf-L1-sci.00000237.cat 300.2945009 +22.8331685 13298.34 175.1779
bdf-L1-sci.00000238.cat 300.2944885 +22.8331096 13349.21 175.1355
bdf-L1-sci.00000239.cat 300.2944445 +22.8331562 13085.99 175.1249
bdf-L1-sci.00000240.cat 300.2944659 +22.8331067 12994.66 175.0739
bdf-L1-sci.00000241.cat 300.2944948 +22.8331542 12998.31 177.5542
bdf-L1-sci.00000242.cat 300.2945025 +22.8331382 13380.36 180.0092
bdf-L1-sci.00000243.cat 300.2945120 +22.8331385 13373.06 175.9708
bdf-L1-sci.00000244.cat 300.2945120 +22.8331461 13265.96 175.7086
bdf-L1-sci.00000245.cat 300.2944620 +22.8331529 13041.63 175.8561
bdf-L1-sci.00000246.cat 300.2944636 +22.8331509 13358.2 175.8354
bdf-L1-sci.00000247.cat 300.2944775 +22.8331683 13239.5 175.5724
bdf-L1-sci.00000248.cat 300.2944823 +22.8331095 12845.64 174.7959
bdf-L1-sci.00000249.cat 300.2944990 +22.8331407 13267.23 175.9019
bdf-L1-sci.00000250.cat 300.2944984 +22.8331419 13481.52 175.2822
bdf-L1-sci.00000251.cat 300.2944913 +22.8331420 13309.72 175.4238
bdf-L1-sci.00000252.cat 300.2945076 +22.8331416 13060.46 174.8072
bdf-L1-sci.00000253.cat 300.2943732 +22.8330761 13341.74 175.3633
bdf-L1-sci.00000254.cat 300.2944179 +22.8330310 12933.43 174.9281
bdf-L1-sci.00000255.cat 300.2943936 +22.8331139 12813.37 174.6709
bdf-L1-sci.00000256.cat 300.2944087 +22.8331083 12899.1 175.125
bdf-L1-sci.00000257.cat 300.2944250 +22.8330601 12910.25 174.7139
bdf-L1-sci.00000258.cat 300.2944453 +22.8330575 12999.54 175.8005
bdf-L1-sci.00000259.cat 300.2944705 +22.8330239 13254.69 175.4364
bdf-L1-sci.00000260.cat 300.2944386 +22.8330738 13652.75 175.8261
bdf-L1-sci.00000261.cat 300.2944559 +22.8331098 13390.6 175.7061
bdf-L1-sci.00000262.cat 300.2944229 +22.8330969 12971.61 175.1583
bdf-L1-sci.00000263.cat 300.2945068 +22.8331557 12846.96 174.7236
bdf-L1-sci.00000264.cat 300.2945010 +22.8331434 13084.62 175.3201
bdf-L1-sci.00000265.cat 300.2945026 +22.8330700 13479.23 175.6859
bdf-L1-sci.00000266.cat 300.2944882 +22.8331486 13039.89 175.421
bdf-L1-sci.00000267.cat 300.2944838 +22.8331564 13033.59 175.3353
bdf-L1-sci.00000268.cat 300.2944602 +22.8330335 13261.72 175.5636
bdf-L1-sci.00000269.cat 300.2944400 +22.8330696 13247.06 176.1706
bdf-L1-sci.00000270.cat 300.2944610 +22.8331178 13207.68 175.7222
bdf-L1-sci.00000271.cat 300.2944602 +22.8330944 13034.4 175.912
bdf-L1-sci.00000272.cat 300.2944291 +22.8331744 13019.75 175.4941
bdf-L1-sci.00000273.cat 300.2944642 +22.8330940 12950.27 175.6934
bdf-L1-sci.00000274.cat 300.2945142 +22.8331481 12697.45 175.3956
bdf-L1-sci.00000275.cat 300.2943998 +22.8330565 13010.99 175.336
bdf-L1-sci.00000276.cat 300.2945144 +22.8331304 13294 175.626
bdf-L1-sci.00000277.cat 300.2943714 +22.8330291 12878.08 175.4275
bdf-L1-sci.00000278.cat 300.2944128 +22.8330488 13052.97 175.4438
bdf-L1-sci.00000279.cat 300.2944519 +22.8330685 13281.49 175.9916
bdf-L1-sci.00000280.cat 300.2944495 +22.8331110 13256.89 175.789
bdf-L1-sci.00000281.cat 300.2944162 +22.8330889 13463.21 176.3867
bdf-L1-sci.00000282.cat 300.2944288 +22.8330091 13023.72 175.3979
bdf-L1-sci.00000283.cat 300.2944589 +22.8331032 12990.17 175.9279
bdf-L1-sci.00000284.cat 300.2944371 +22.8331121 13270.12 176.3058
bdf-L1-sci.00000285.cat 300.2944626 +22.8330790 12952.44 176.5806
bdf-L1-sci.00000286.cat 300.2944294 +22.8331620 13021.72 176.007
bdf-L1-sci.00000287.cat 300.2943629 +22.8330523 13310.27 176.4837
bdf-L1-sci.00000288.cat 300.2942954 +22.8329915 13313.44 176.2843
bdf-L1-sci.00000289.cat 300.2944140 +22.8331051 13169.57 176.4161
bdf-L1-sci.00000290.cat 300.2945127 +22.8331257 12879.38 175.6318
bdf-L1-sci.00000291.cat 300.2944433 +22.8330893 13165.17 176.1098
bdf-L1-sci.00000292.cat 300.2944757 +22.8330556 12945.62 175.8429
bdf-L1-sci.00000293.cat 300.2944119 +22.8331433 12850.51 175.657
bdf-L1-sci.00000294.cat 300.2943166 +22.8330759 13008.62 175.9866
bdf-L1-sci.00000295.cat 300.2944766 +22.8331752 11868.51 175.0544
bdf-L1-sci.00000296.cat 300.2944121 +22.8331074 12798.68 176.4986
bdf-L1-sci.00000297.cat 300.2945019 +22.8331581 12888.15 176.2131
bdf-L1-sci.00000298.cat 300.2944977 +22.8331406 13006.4 176.3025
bdf-L1-sci.00000299.cat 300.2944322 +22.8330548 12739.07 176.1417
bdf-L1-sci.00000300.cat 300.2944780 +22.8330682 12930.18 176.7987
bdf-L1-sci.00000301.cat 300.2944394 +22.8330677 12550.79 175.4595
bdf-L1-sci.00000302.cat 300.2944759 +22.8331064 12990.4 176.3791
bdf-L1-sci.00000303.cat 300.2944582 +22.8331263 12992.82 176.7341
bdf-L1-sci.00000304.cat 300.2944543 +22.8330844 13229.84 176.9692
bdf-L1-sci.00000305.cat 300.2944562 +22.8330724 13004.18 176.5059
bdf-L1-sci.00000306.cat 300.2945113 +22.8331598 13134.36 176.9356
bdf-L1-sci.00000307.cat 300.2943701 +22.8330740 13136.33 176.3929
bdf-L1-sci.00000308.cat 300.2944309 +22.8330950 13112.04 176.6282
bdf-L1-sci.00000309.cat 300.2944200 +22.8330893 12995.12 176.5032
bdf-L1-sci.00000310.cat 300.2943856 +22.8331208 12791.7 176.1493
bdf-L1-sci.00000311.cat 300.2944382 +22.8331134 13008.31 176.3421
bdf-L1-sci.00000312.cat 300.2943869 +22.8331813 12669.04 176.3629
bdf-L1-sci.00000313.cat 300.2944642 +22.8330690 13003.88 176.8211
bdf-L1-sci.00000314.cat 300.2944832 +22.8331121 13307.49 177.4909
bdf-L1-sci.00000315.cat 300.2943187 +22.8330344 13117.81 176.9634
bdf-L1-sci.00000316.cat 300.2943844 +22.8330307 12874.09 176.4523
bdf-L1-sci.00000317.cat 300.2944821 +22.8330836 13050.71 177.2553
bdf-L1-sci.00000318.cat 300.2944466 +22.8330765 13035.14 177.1754
bdf-L1-sci.00000319.cat 300.2944740 +22.8330693 12939.4 175.8685
bdf-L1-sci.00000320.cat 300.2945256 +22.8331918 13274.16 176.8331
bdf-L1-sci.00000321.cat 300.2944401 +22.8330503 12810.8 175.8348
bdf-L1-sci.00000322.cat 300.2943295 +22.8330551 13057.73 176.184
bdf-L1-sci.00000323.cat 300.2945273 +22.8331538 12869.28 175.983
bdf-L1-sci.00000324.cat 300.2944744 +22.8331550 13074.17 176.4899
bdf-L1-sci.00000325.cat 300.2944963 +22.8331345 12544.07 175.4812
bdf-L1-sci.00000326.cat 300.2945018 +22.8331497 13296.6 177.0947
bdf-L1-sci.00000327.cat 300.2945065 +22.8331720 13046.25 176.4359
bdf-L1-sci.00000328.cat 300.2944912 +22.8330320 13008.92 176.5092
bdf-L1-sci.00000329.cat 300.2944918 +22.8331112 12856.2 176.1419
bdf-L1-sci.00000330.cat 300.2944313 +22.8330727 13128.88 176.5621
bdf-L1-sci.00000331.cat 300.2945170 +22.8331487 13115 176.8072
bdf-L1-sci.00000332.cat 300.2945200 +22.8330806 13001.8 177.0367
bdf-L1-sci.00000333.cat 300.2944546 +22.8330953 12974.05 177.1571
bdf-L1-sci.00000334.cat 300.2944828 +22.8331328 12751.89 176.5494
bdf-L1-sci.00000335.cat 300.2944068 +22.8330754 13368.89 177.2526
bdf-L1-sci.00000336.cat 300.2944909 +22.8331024 12803.72 176.6308
bdf-L1-sci.00000337.cat 300.2944606 +22.8330392 12774.91 176.4134
bdf-L1-sci.00000338.cat 300.2944557 +22.8330630 13199.57 177.0269
bdf-L1-sci.00000339.cat 300.2944144 +22.8330818 13009.82 176.9897
bdf-L1-sci.00000340.cat 300.2944605 +22.8331052 13054.18 176.5773
bdf-L1-sci.00000341.cat 300.2945002 +22.8331475 13257.41 177.077
bdf-L1-sci.00000342.cat 300.2944810 +22.8330659 12683.99 176.3645
bdf-L1-sci.00000343.cat 300.2944586 +22.8330152 13039.13 176.8925
bdf-L1-sci.00000344.cat 300.2943763 +22.8330852 13018.12 177.1878
bdf-L1-sci.00000345.cat 300.2943402 +22.8331168 12828.87 176.6288
bdf-L1-sci.00000346.cat 300.2944302 +22.8330611 13025.02 177.1073
bdf-L1-sci.00000347.cat 300.2944913 +22.8331399 13107.18 177.2243
bdf-L1-sci.00000348.cat 300.2945052 +22.8331315 12961.95 177.6158
bdf-L1-sci.00000349.cat 300.2944785 +22.8331299 12955.31 176.7674
bdf-L1-sci.00000350.cat 300.2944829 +22.8331468 12901.12 177.3492
bdf-L1-sci.00000351.cat 300.2943953 +22.8330870 13054.96 177.4387
bdf-L1-sci.00000352.cat 300.2944928 +22.8331251 13241.97 177.6263
bdf-L1-sci.00000353.cat 300.2943857 +22.8331096 12938.92 177.7185
bdf-L1-sci.00000354.cat 300.2944569 +22.8330455 12798.04 177.0589
bdf-L1-sci.00000355.cat 300.2944991 +22.8331131 13102.24 177.2832
bdf-L1-sci.00000356.cat 300.2944269 +22.8330970 13268.75 177.4483
bdf-L1-sci.00000357.cat 300.2944885 +22.8330953 12947.55 177.3401
bdf-L1-sci.00000358.cat 300.2944382 +22.8330980 13027.86 177.6471
bdf-L1-sci.00000359.cat 300.2944669 +22.8331145 13022.63 177.5103
bdf-L1-sci.00000360.cat 300.2944897 +22.8330770 12904.42 177.1353
bdf-L1-sci.00000361.cat 300.2944831 +22.8331166 12947.09 177.0211
bdf-L1-sci.00000362.cat 300.2944326 +22.8331769 13133.13 177.5164
bdf-L1-sci.00000363.cat 300.2943959 +22.8330879 12865.81 177.5251
bdf-L1-sci.00000364.cat 300.2944580 +22.8330503 12510.61 176.5334
bdf-L1-sci.00000365.cat 300.2944627 +22.8330638 12982.04 177.5064
bdf-L1-sci.00000366.cat 300.2944745 +22.8331769 13113.21 177.7182
bdf-L1-sci.00000367.cat 300.2944132 +22.8330940 12925.18 177.82
bdf-L1-sci.00000368.cat 300.2944964 +22.8331136 13182.83 177.7189
bdf-L1-sci.00000369.cat 300.2942625 +22.8331826 13043.25 178.0128
bdf-L1-sci.00000370.cat 300.2944212 +22.8331137 12839.64 177.1037
bdf-L1-sci.00000371.cat 300.2945175 +22.8331472 12865.97 177.4823
bdf-L1-sci.00000372.cat 300.2944639 +22.8331163 12885.83 177.7436
bdf-L1-sci.00000373.cat 300.2945208 +22.8331423 12942.67 177.7861
bdf-L1-sci.00000374.cat 300.2944818 +22.8330900 12853.99 177.6394
bdf-L1-sci.00000375.cat 300.2944324 +22.8331156 12749.57 177.1273
bdf-L1-sci.00000376.cat 300.2945272 +22.8331058 13102.45 177.9015
bdf-L1-sci.00000377.cat 300.2944556 +22.8331311 12871.02 177.3385
bdf-L1-sci.00000378.cat 300.2944937 +22.8331693 13206.9 178.2509
bdf-L1-sci.00000379.cat 300.2944690 +22.8331068 12649.42 177.4047
bdf-L1-sci.00000380.cat 300.2945508 +22.8331528 12827.56 178.2006
bdf-L1-sci.00000381.cat 300.2944490 +22.8330915 12916.48 177.7412
bdf-L1-sci.00000382.cat 300.2944828 +22.8330912 12536.07 177.834
bdf-L1-sci.00000383.cat 300.2945209 +22.8331526 12888.13 177.9966
bdf-L1-sci.00000384.cat 300.2944712 +22.8330785 12905.55 178.1523
bdf-L1-sci.00000385.cat 300.2945026 +22.8331700 13044.23 178.8784
bdf-L1-sci.00000386.cat 300.2944569 +22.8330939 12677.67 177.4114
bdf-L1-sci.00000387.cat 300.2944610 +22.8331489 12775.53 178.4528
bdf-L1-sci.00000388.cat 300.2944508 +22.8330597 12807.69 177.8751
bdf-L1-sci.00000389.cat 300.2944424 +22.8331447 12994.43 178.7053
bdf-L1-sci.00000390.cat 300.2945015 +22.8331800 12864.3 178.237
bdf-L1-sci.00000391.cat 300.2944874 +22.8331119 12490.66 177.6745
bdf-L1-sci.00000392.cat 300.2944988 +22.8331291 12387.56 177.475
bdf-L1-sci.00000393.cat 300.2944503 +22.8330789 13244.02 178.925
bdf-L1-sci.00000394.cat 300.2945177 +22.8331344 12476.94 177.927
bdf-L1-sci.00000395.cat 300.2944477 +22.8330735 12530.58 177.9731
bdf-L1-sci.00000396.cat 300.2944454 +22.8330658 13127.17 178.5844
bdf-L1-sci.00000397.cat 300.2944734 +22.8331010 13037.68 178.2417
bdf-L1-sci.00000398.cat 300.2945249 +22.8331505 12842.18 178.2853
bdf-L1-sci.00000399.cat 300.2944396 +22.8331160 12925.27 179.1249
bdf-L1-sci.00000400.cat 300.2944807 +22.8330854 12904.87 178.4758
bdf-L1-sci.00000401.cat 300.2945075 +22.8331145 12921.74 178.6665
bdf-L1-sci.00000402.cat 300.2944383 +22.8330909 13147.68 178.6786
bdf-L1-sci.00000403.cat 300.2944119 +22.8331199 13052.17 179.3351
bdf-L1-sci.00000404.cat 300.2944332 +22.8331071 12991.02 178.2942
bdf-L1-sci.00000405.cat 300.2945067 +22.8331346 12891.58 178.9558
bdf-L1-sci.00000406.cat 300.2944458 +22.8331039 12969.46 179.0958
bdf-L1-sci.00000407.cat 300.2943734 +22.8331095 12780.71 180.5067
bdf-L1-sci.00000408.cat 300.2943784 +22.8331187 12800.59 179.6488
bdf-L1-sci.00000409.cat 300.2945237 +22.8331235 12919.71 180.215
bdf-L1-sci.00000410.cat 300.2944515 +22.8331784 12971.72 180.1104
bdf-L1-sci.00000411.cat 300.2944535 +22.8331912 13004.62 179.9796
bdf-L1-sci.00000412.cat 300.2944434 +22.8330847 12999.41 179.8207
bdf-L1-sci.00000413.cat 300.2944579 +22.8330846 12636.75 179.4292
bdf-L1-sci.00000414.cat 300.2944990 +22.8330214 12900.46 179.7923
bdf-L1-sci.00000415.cat 300.2945067 +22.8331742 12712.9 180.1877
bdf-L1-sci.00000416.cat 300.2945452 +22.8331290 13222.94 181.3295
bdf-L1-sci.00000417.cat 300.2943597 +22.8330362 12461.83 179.1117
bdf-L1-sci.00000418.cat 300.2944070 +22.8330962 12495.78 179.5231
bdf-L1-sci.00000419.cat 300.2945062 +22.8331229 12742.68 179.5322
bdf-L1-sci.00000420.cat 300.2944181 +22.8331404 12691.95 179.6545
bdf-L1-sci.00000421.cat 300.2945207 +22.8329938 12833.8 179.7682
bdf-L1-sci.00000422.cat 300.2943132 +22.8330557 12791.63 180.8078
bdf-L1-sci.00000423.cat 300.2944199 +22.8331036 12748.63 180.938
bdf-L1-sci.00000424.cat 300.2944838 +22.8330888 12582.35 180.9299
bdf-L1-sci.00000425.cat 300.2944456 +22.8330764 12542.95 181.1075
bdf-L1-sci.00000426.cat 300.2945018 +22.8331973 12569.74 180.571
bdf-L1-sci.00000427.cat 300.2944788 +22.8331518 12624.24 180.2257
bdf-L1-sci.00000428.cat 300.2943509 +22.8331781 12401.82 180.6642
bdf-L1-sci.00000429.cat 300.2944823 +22.8331814 12712.39 181.0453
bdf-L1-sci.00000430.cat 300.2944770 +22.8331625 12657.16 181.1336
bdf-L1-sci.00000431.cat 300.2945018 +22.8331659 12936.67 181.1798
bdf-L1-sci.00000432.cat 300.2945171 +22.8331181 12479.08 180.8904
bdf-L1-sci.00000433.cat 300.2945095 +22.8331781 12726.88 181.2682
bdf-L1-sci.00000434.cat 300.2945189 +22.8331327 12527.33 180.871
bdf-L1-sci.00000435.cat 300.2945229 +22.8331075 12585.52 180.1806
bdf-L1-sci.00000436.cat 300.2945097 +22.8331472 12778.35 179.65
bdf-L1-sci.00000437.cat 300.2944890 +22.8331797 12538.34 179.8326
bdf-L1-sci.00000438.cat 300.2943784 +22.8331420 12801.69 180.4468
bdf-L1-sci.00000439.cat 300.2945647 +22.8331832 12515.97 180.1402
bdf-L1-sci.00000440.cat 300.2944601 +22.8331461 12598.63 180.0894
bdf-L1-sci.00000441.cat 300.2945606 +22.8331018 12867.6 180.2952
bdf-L1-sci.00000442.cat 300.2944574 +22.8331668 13031.91 180.5587
bdf-L1-sci.00000443.cat 300.2944593 +22.8331698 12364.56 179.6219
bdf-L1-sci.00000444.cat 300.2945230 +22.8331253 12559.58 180.6398
bdf-L1-sci.00000445.cat 300.2944289 +22.8331235 12958.79 180.8906
bdf-L1-sci.00000446.cat 300.2945288 +22.8330565 12572.57 180.0555
bdf-L1-sci.00000447.cat 300.2942878 +22.8332869 12621.52 180.426
bdf-L1-sci.00000448.cat 300.2944538 +22.8332165 12723.11 180.4869
bdf-L1-sci.00000449.cat 300.2944119 +22.8332151 12779.79 180.4292
bdf-L1-sci.00000450.cat 300.2944984 +22.8331121 12671.51 180.003
bdf-L1-sci.00000451.cat 300.2945063 +22.8331386 12552.99 180.4378
bdf-L1-sci.00000452.cat 300.2945091 +22.8331434 12822.23 181.0778
bdf-L1-sci.00000453.cat 300.2945068 +22.8331484 12642.62 180.6013
bdf-L1-sci.00000454.cat 300.2944903 +22.8331138 12885.64 181.2308
bdf-L1-sci.00000455.cat 300.2945320 +22.8332209 12596.87 180.4195
bdf-L1-sci.00000456.cat 300.2944845 +22.8331606 12863.58 180.8412
bdf-L1-sci.00000457.cat 300.2945198 +22.8331433 12607.61 180.8376
bdf-L1-sci.00000458.cat 300.2944692 +22.8331459 12972.1 181.38
bdf-L1-sci.00000459.cat 300.2944663 +22.8331903 12665.46 180.9833
bdf-L1-sci.00000460.cat 300.2944257 +22.8331597 12550.34 181.3062
bdf-L1-sci.00000461.cat 300.2943052 +22.8330511 12672.25 181.6644
bdf-L1-sci.00000462.cat 300.2945547 +22.8332051 12253.02 181.6233
bdf-L1-sci.00000463.cat 300.2944566 +22.8330901 12330.92 182.3965
bdf-L1-sci.00000464.cat 300.2944683 +22.8331631 12604.06 182.4984
bdf-L1-sci.00000465.cat 300.2945100 +22.8331591 12689.56 183.0328
bdf-L1-sci.00000466.cat 300.2945083 +22.8331893 12703.09 182.8807
bdf-L1-sci.00000467.cat 300.2944852 +22.8331452 12369.31 182.6624
bdf-L1-sci.00000468.cat 300.2945317 +22.8331889 12371.79 182.5853
bdf-L1-sci.00000469.cat 300.2944724 +22.8330795 12622.82 183.7718
bdf-L1-sci.00000470.cat 300.2945096 +22.8331567 12409.61 183.1885
bdf-L1-sci.00000471.cat 300.2945020 +22.8331451 12423.13 184.1415
bdf-L1-sci.00000472.cat 300.2945627 +22.8331025 12126.83 183.387
bdf-L1-sci.00000473.cat 300.2945390 +22.8330675 12367.06 183.5027
bdf-L1-sci.00000474.cat 300.2944716 +22.8331178 12232.17 183.6905
bdf-L1-sci.00000475.cat 300.2944226 +22.8331217 12138.89 184.1101
bdf-L1-sci.00000476.cat 300.2945036 +22.8331503 12416.05 184.1244
bdf-L1-sci.00000477.cat 300.2944599 +22.8331141 11772.95 183.9847
bdf-L1-sci.00000478.cat 300.2944576 +22.8331882 11857.69 183.2364
bdf-L1-sci.00000479.cat 300.2945338 +22.8331366 12352.36 184.0398
bdf-L1-sci.00000480.cat 300.2944484 +22.8331988 12184.79 183.9314
bdf-L1-sci.00000481.cat 300.2944131 +22.8331543 12323.44 183.3932
bdf-L1-sci.00000482.cat 300.2945511 +22.8332118 12663.76 185.1085
bdf-L1-sci.00000483.cat 300.2945152 +22.8331310 12123.25 183.4619
bdf-L1-sci.00000484.cat 300.2945395 +22.8331998 12248.49 183.7925
bdf-L1-sci.00000485.cat 300.2943051 +22.8332046 12245.71 181.0142
bdf-L1-sci.00000486.cat 300.2944484 +22.8331267 12433.87 181.2133
bdf-L1-sci.00000487.cat 300.2945547 +22.8331329 12270.66 181.5087
bdf-L1-sci.00000488.cat 300.2944588 +22.8331455 12483.51 182.1501
bdf-L1-sci.00000489.cat 300.2944772 +22.8331233 12059.45 181.5284
bdf-L1-sci.00000490.cat 300.2944270 +22.8331525 12046.71 181.9544
bdf-L1-sci.00000491.cat 300.2944674 +22.8331503 12493.23 182.0954
bdf-L1-sci.00000492.cat 300.2944952 +22.8331663 12653.4 181.7884
bdf-L1-sci.00000493.cat 300.2944787 +22.8332458 12522.08 182.615
bdf-L1-sci.00000494.cat 300.2945479 +22.8331526 12755.66 182.5103
bdf-L1-sci.00000495.cat 300.2945218 +22.8331691 12815.24 182.3477
bdf-L1-sci.00000496.cat 300.2944308 +22.8331150 12387.53 182.6078
bdf-L1-sci.00000497.cat 300.2944539 +22.8331775 12619.85 182.9776
bdf-L1-sci.00000498.cat 300.2945296 +22.8331565 12545.7 182.1909
bdf-L1-sci.00000499.cat 300.2944604 +22.8331101 12083.37 182.2477
bdf-L1-sci.00000500.cat 300.2944494 +22.8331101 12371.82 182.1388
bdf-L1-sci.00000501.cat 300.2944491 +22.8331463 12217.28 182.1777
bdf-L1-sci.00000502.cat 300.2945078 +22.8331149 12613.25 183.0211
bdf-L1-sci.00000503.cat 300.2943639 +22.8332370 12478.49 181.9906
bdf-L1-sci.00000504.cat 300.2945487 +22.8331428 12561.27 182.2037
bdf-L1-sci.00000505.cat 300.2943391 +22.8331770 12381.9 182.1999
bdf-L1-sci.00000506.cat 300.2944827 +22.8331250 12390.12 181.6831
bdf-L1-sci.00000507.cat 300.2944219 +22.8332197 12443.69 182.138
bdf-L1-sci.00000508.cat 300.2944772 +22.8331268 11881.82 180.9896
bdf-L1-sci.00000509.cat 300.2945153 +22.8331594 12296.9 181.8091
bdf-L1-sci.00000510.cat 300.2945023 +22.8331621 12030.17 181.3367
bdf-L1-sci.00000511.cat 300.2944385 +22.8330968 12035.16 180.3597
bdf-L1-sci.00000512.cat 300.2945135 +22.8331891 12186.56 180.6969
bdf-L1-sci.00000513.cat 300.2943523 +22.8330477 12116.23 180.1673
bdf-L1-sci.00000514.cat 300.2945260 +22.8331390 12007.4 180.612
bdf-L1-sci.00000515.cat 300.2945236 +22.8331676 12254.78 180.888
bdf-L1-sci.00000516.cat 300.2943820 +22.8330914 12047.49 180.9069
bdf-L1-sci.00000517.cat 300.2945070 +22.8331399 12387.06 181.8408
bdf-L1-sci.00000518.cat 300.2944978 +22.8331923 12389.28 182.1322
bdf-L1-sci.00000519.cat 300.2942422 +22.8331074 12305.45 182.4856
bdf-L1-sci.00000520.cat 300.2945056 +22.8331335 12228.26 182.3341
bdf-L1-sci.00000521.cat 300.2944951 +22.8331703 12365.58 182.2059
bdf-L1-sci.00000522.cat 300.2943663 +22.8331687 12379.33 181.323
bdf-L1-sci.00000523.cat 300.2943857 +22.8331698 12100.42 181.0146
bdf-L1-sci.00000524.cat 300.2946346 +22.8331038 12328.34 182.0678
bdf-L1-sci.00000525.cat 300.2944613 +22.8331436 11837.43 180.6339
bdf-L1-sci.00000526.cat 300.2944496 +22.8331054 12153.09 181.6424
bdf-L1-sci.00000527.cat 300.2945163 +22.8330877 12202.81 181.6204
bdf-L1-sci.00000528.cat 300.2945040 +22.8331426 12173.39 181.4317
bdf-L1-sci.00000529.cat 300.2944417 +22.8331146 12171.68 181.3361
bdf-L1-sci.00000530.cat 300.2945247 +22.8330981 12156.04 181.6509
bdf-L1-sci.00000531.cat 300.2944873 +22.8331114 11923.95 181.0077
bdf-L1-sci.00000532.cat 300.2944520 +22.8330859 12239.03 181.3534
bdf-L1-sci.00000533.cat 300.2944443 +22.8331014 12417.51 181.5562
bdf-L1-sci.00000534.cat 300.2945541 +22.8330938 12088.24 181.5913
bdf-L1-sci.00000535.cat 300.2945115 +22.8331220 11970.82 181.7592
bdf-L1-sci.00000536.cat 300.2944732 +22.8331240 12223.7 182.0204
bdf-L1-sci.00000538.cat 300.2944919 +22.8331251 12106.24 180.7683
bdf-L1-sci.00000539.cat 300.2945009 +22.8331650 12462.71 181.3387
bdf-L1-sci.00000540.cat 300.2945310 +22.8331909 12084.07 180.6302
bdf-L1-sci.00000541.cat 300.2945650 +22.8330802 12108.29 180.7433
bdf-L1-sci.00000542.cat 300.2944195 +22.8331583 11739.57 179.9696
bdf-L1-sci.00000543.cat 300.2943869 +22.8331184 11918.58 180.7334
bdf-L1-sci.00000544.cat 300.2946403 +22.8331105 11991.46 181.6574
bdf-L1-sci.00000545.cat 300.2944887 +22.8331424 11680.41 181.3151
bdf-L1-sci.00000546.cat 300.2944906 +22.8330980 7831.038 181.6756
bdf-L1-sci.00000547.cat 300.2944644 +22.8331024 5605.41 183.4096
bdf-L1-sci.00000548.cat 300.2945179 +22.8330771 3268.872 178.7812
bdf-L1-sci.00000549.cat 300.2944919 +22.8332709 3275.794 179.9283
bdf-L1-sci.00000561.cat 300.2944827 +22.8330944 8248.279 182.9697
bdf-L1-sci.00000562.cat 300.2944701 +22.8331110 11634.91 181.4711
bdf-L1-sci.00000563.cat 300.2942357 +22.8331429 11970.71 181.578
bdf-L1-sci.00000564.cat 300.2944657 +22.8331241 11924.75 181.6967
bdf-L1-sci.00000566.cat 300.2944836 +22.8331369 11959.72 181.5191
bdf-L1-sci.00000567.cat 300.2945112 +22.8331133 12247.75 181.4014
bdf-L1-sci.00000568.cat 300.2945236 +22.8331101 12097.95 181.3144
bdf-L1-sci.00000569.cat 300.2944733 +22.8330658 12015.07 181.2467
bdf-L1-sci.00000570.cat 300.2944822 +22.8331234 11898.71 181.1249
bdf-L1-sci.00000571.cat 300.2944196 +22.8330715 12062.45 181.5284
bdf-L1-sci.00000572.cat 300.2944937 +22.8331496 11945.16 180.8808
bdf-L1-sci.00000573.cat 300.2945219 +22.8330878 12032.71 181.1919
bdf-L1-sci.00000574.cat 300.2944408 +22.8330888 11768.68 180.6004
bdf-L1-sci.00000575.cat 300.2944607 +22.8330605 11967.73 181.0803
bdf-L1-sci.00000576.cat 300.2944646 +22.8331176 12016.8 181.4984
bdf-L1-sci.00000577.cat 300.2944261 +22.8331324 11857.8 181.0596
bdf-L1-sci.00000578.cat 300.2944845 +22.8331104 11827.11 181.0928
bdf-L1-sci.00000579.cat 300.2944543 +22.8331464 11797.18 181.3393
bdf-L1-sci.00000580.cat 300.2945134 +22.8331399 12025.7 181.5338
bdf-L1-sci.00000581.cat 300.2944776 +22.8331758 12374.74 181.9131
bdf-L1-sci.00000582.cat 300.2943991 +22.8331652 11324.46 180.8628
bdf-L1-sci.00000583.cat 300.2944062 +22.8331779 11896.83 181.3141
bdf-L1-sci.00000584.cat 300.2944228 +22.8331711 12411.18 182.2439
bdf-L1-sci.00000585.cat 300.2945055 +22.8331769 12001.75 181.4877
bdf-L1-sci.00000586.cat 300.2944665 +22.8331495 12181.1 181.7747
bdf-L1-sci.00000587.cat 300.2945035 +22.8331413 11915.66 181.4111
bdf-L1-sci.00000588.cat 300.2945520 +22.8331681 12166.35 182.0836
bdf-L1-sci.00000589.cat 300.2944367 +22.8331639 12043.17 181.7215
bdf-L1-sci.00000590.cat 300.2944536 +22.8331579 12318.3 182.2363
bdf-L1-sci.00000591.cat 300.2945272 +22.8331678 12361.92 182.0407
bdf-L1-sci.00000592.cat 300.2945218 +22.8331713 12147.27 181.844
bdf-L1-sci.00000593.cat 300.2945241 +22.8330840 11967.05 181.8766
bdf-L1-sci.00000594.cat 300.2945444 +22.8331709 12086.29 181.917
