bdf-L1-sci.00000001.cat 300.2373687 +22.8472169 157255.9 321.2508
bdf-L1-sci.00000002.cat 300.2374206 +22.8472206 156504.7 320.3627
bdf-L1-sci.00000003.cat 300.2374271 +22.8472146 157074.7 320.5926
bdf-L1-sci.00000004.cat 300.2374073 +22.8472188 157001.5 320.7294
bdf-L1-sci.00000005.cat 300.2373998 +22.8472167 156461 320.4375
bdf-L1-sci.00000006.cat 300.2374227 +22.8472973 159156.2 322.6479
bdf-L1-sci.00000007.cat 300.2374003 +22.8473330 158509.5 322.3692
bdf-L1-sci.00000008.cat 300.2374318 +22.8473202 160088.1 323.8309
bdf-L1-sci.00000009.cat 300.2373694 +22.8473430 161538 324.9427
bdf-L1-sci.00000010.cat 300.2373338 +22.8473015 161340.8 324.7373
bdf-L1-sci.00000011.cat 300.2377209 +22.8473767 160833.9 324.6714
bdf-L1-sci.00000012.cat 300.2374108 +22.8473378 160703.7 324.031
bdf-L1-sci.00000013.cat 300.2372791 +22.8472689 160508.2 323.7661
bdf-L1-sci.00000014.cat 300.2374269 +22.8472957 160759.5 323.7071
bdf-L1-sci.00000015.cat 300.2374393 +22.8473264 160648.2 324.4695
bdf-L1-sci.00000016.cat 300.2373964 +22.8472429 160664.5 324.694
bdf-L1-sci.00000017.cat 300.2374316 +22.8472841 160738.2 324.5172
bdf-L1-sci.00000018.cat 300.2373521 +22.8472481 160097.8 323.4011
bdf-L1-sci.00000019.cat 300.2374556 +22.8473363 159465.1 322.3767
bdf-L1-sci.00000020.cat 300.2374012 +22.8473438 159736.7 322.3269
bdf-L1-sci.00000021.cat 300.2374216 +22.8472927 161367.9 324.3753
bdf-L1-sci.00000022.cat 300.2374271 +22.8473056 160142.5 322.7766
bdf-L1-sci.00000023.cat 300.2374625 +22.8472823 159850.5 322.9621
bdf-L1-sci.00000024.cat 300.2374440 +22.8472345 125019.3 294.9731
bdf-L1-sci.00000025.cat 300.2374752 +22.8473475 159610.7 322.7362
bdf-L1-sci.00000026.cat 300.2374185 +22.8472741 159294.8 322.5714
bdf-L1-sci.00000027.cat 300.2373710 +22.8473011 123132.5 293.4861
bdf-L1-sci.00000028.cat 300.2374348 +22.8473484 159766.8 323.0118
bdf-L1-sci.00000029.cat 300.2374262 +22.8472522 158706.8 322.2339
bdf-L1-sci.00000030.cat 300.2373360 +22.8472791 160279.5 323.5385
bdf-L1-sci.00000031.cat 300.2373778 +22.8472835 159298.1 323.0022
bdf-L1-sci.00000032.cat 300.2374092 +22.8473029 159706.3 322.913
bdf-L1-sci.00000033.cat 300.2374462 +22.8473582 159157.1 322.7839
bdf-L1-sci.00000034.cat 300.2374225 +22.8472771 158748.2 322.0881
bdf-L1-sci.00000035.cat 300.2374104 +22.8473405 159199.2 322.4312
bdf-L1-sci.00000036.cat 300.2374051 +22.8472888 159803.9 323.1737
bdf-L1-sci.00000037.cat 300.2374054 +22.8472233 159282.9 322.6866
bdf-L1-sci.00000038.cat 300.2374054 +22.8473026 159340.5 322.7043
bdf-L1-sci.00000039.cat 300.2374063 +22.8472830 159290.8 322.5617
bdf-L1-sci.00000040.cat 300.2374126 +22.8472283 158324.3 322.004
bdf-L1-sci.00000041.cat 300.2374035 +22.8473182 159061.9 322.0582
bdf-L1-sci.00000042.cat 300.2374044 +22.8472980 157960.8 321.4823
bdf-L1-sci.00000043.cat 300.2374006 +22.8472985 158413.1 321.783
bdf-L1-sci.00000044.cat 300.2374298 +22.8473229 158765.2 322.0831
bdf-L1-sci.00000045.cat 300.2374594 +22.8473156 158492.9 321.7053
bdf-L1-sci.00000046.cat 300.2374584 +22.8472474 158025.4 321.677
bdf-L1-sci.00000047.cat 300.2374320 +22.8472967 158730.2 321.979
bdf-L1-sci.00000048.cat 300.2374276 +22.8473016 159271.7 322.5765
bdf-L1-sci.00000049.cat 300.2374062 +22.8473044 157659.1 321.4202
bdf-L1-sci.00000050.cat 300.2373574 +22.8473416 156101.2 320.3192
bdf-L1-sci.00000051.cat 300.2374635 +22.8473067 158429.3 321.7795
bdf-L1-sci.00000052.cat 300.2372894 +22.8472357 158200.8 321.612
bdf-L1-sci.00000053.cat 300.2374103 +22.8473372 158214.1 321.7971
bdf-L1-sci.00000054.cat 300.2374311 +22.8472712 157249.7 320.9269
bdf-L1-sci.00000055.cat 300.2374329 +22.8472926 157309.7 320.9453
bdf-L1-sci.00000056.cat 300.2374238 +22.8472626 157811.1 321.7181
bdf-L1-sci.00000057.cat 300.2374703 +22.8472401 157706.5 321.368
bdf-L1-sci.00000058.cat 300.2374508 +22.8472918 157404 321.1875
bdf-L1-sci.00000059.cat 300.2374110 +22.8473054 157503.8 321.4136
bdf-L1-sci.00000060.cat 300.2374644 +22.8473259 157605.8 321.0088
bdf-L1-sci.00000061.cat 300.2374344 +22.8472609 157219.9 320.7635
bdf-L1-sci.00000062.cat 300.2374284 +22.8472121 157048.3 320.6262
bdf-L1-sci.00000064.cat 300.2373638 +22.8472170 156793.9 320.7067
bdf-L1-sci.00000065.cat 300.2372755 +22.8472201 157355.3 322.1786
bdf-L1-sci.00000066.cat 300.2373964 +22.8471864 157387.2 321.521
bdf-L1-sci.00000067.cat 300.2373408 +22.8472527 157054.5 320.795
bdf-L1-sci.00000068.cat 300.2373561 +22.8471836 156959 320.751
bdf-L1-sci.00000069.cat 300.2373818 +22.8472199 157636.8 321.2437
bdf-L1-sci.00000070.cat 300.2372970 +22.8472380 158131.4 321.4641
bdf-L1-sci.00000071.cat 300.2373639 +22.8472616 158681.6 322.1382
bdf-L1-sci.00000072.cat 300.2374212 +22.8472661 159436.8 322.7457
bdf-L1-sci.00000073.cat 300.2373864 +22.8472672 159404.9 322.414
bdf-L1-sci.00000074.cat 300.2374178 +22.8472954 159733.9 322.6669
bdf-L1-sci.00000075.cat 300.2373817 +22.8472691 160222.8 323.2589
bdf-L1-sci.00000076.cat 300.2374249 +22.8472815 159880.1 322.6701
bdf-L1-sci.00000077.cat 300.2373761 +22.8473009 160424.6 323.1193
bdf-L1-sci.00000078.cat 300.2373790 +22.8472950 160501.9 323.4283
bdf-L1-sci.00000079.cat 300.2373882 +22.8473396 160710.1 323.2865
bdf-L1-sci.00000080.cat 300.2374074 +22.8472989 161032 323.8319
bdf-L1-sci.00000081.cat 300.2374001 +22.8472444 152209.9 316.6344
bdf-L1-sci.00000082.cat 300.2374092 +22.8472755 159370.8 322.2072
bdf-L1-sci.00000083.cat 300.2374842 +22.8471027 159795.2 322.5734
bdf-L1-sci.00000084.cat 300.2373606 +22.8473079 161214.7 323.7
bdf-L1-sci.00000085.cat 300.2373704 +22.8472936 160315.5 323.1503
bdf-L1-sci.00000086.cat 300.2373539 +22.8473258 159828.2 322.9149
bdf-L1-sci.00000087.cat 300.2373930 +22.8473040 159776.5 322.6111
bdf-L1-sci.00000088.cat 300.2373863 +22.8472651 159766 322.6316
bdf-L1-sci.00000089.cat 300.2373554 +22.8472715 159304.9 322.2747
bdf-L1-sci.00000090.cat 300.2373709 +22.8472580 159866.7 322.5927
bdf-L1-sci.00000091.cat 300.2374090 +22.8472514 159948.5 322.758
bdf-L1-sci.00000092.cat 300.2373846 +22.8472108 159943.8 323.0874
bdf-L1-sci.00000093.cat 300.2374011 +22.8472675 159691.2 322.7838
bdf-L1-sci.00000095.cat 300.2374480 +22.8473360 160104.6 323.212
bdf-L1-sci.00000096.cat 300.2373685 +22.8472188 160417.5 323.3174
bdf-L1-sci.00000097.cat 300.2374107 +22.8472633 159954.4 322.7137
bdf-L1-sci.00000098.cat 300.2373631 +22.8472545 160827.5 323.1529
bdf-L1-sci.00000099.cat 300.2373183 +22.8472074 159779.1 322.3439
bdf-L1-sci.00000100.cat 300.2373907 +22.8472382 159718.7 322.2921
bdf-L1-sci.00000101.cat 300.2373859 +22.8472650 159473.2 322.0439
bdf-L1-sci.00000102.cat 300.2373971 +22.8472329 159603 322.7863
bdf-L1-sci.00000103.cat 300.2373648 +22.8472554 159742.2 323.0197
bdf-L1-sci.00000104.cat 300.2373856 +22.8471880 159089.5 322.2404
bdf-L1-sci.00000105.cat 300.2372722 +22.8472459 160037.9 322.5589
bdf-L1-sci.00000106.cat 300.2373620 +22.8472431 160061.8 322.4021
bdf-L1-sci.00000107.cat 300.2373758 +22.8472407 159220.3 321.7563
bdf-L1-sci.00000108.cat 300.2374405 +22.8472856 160121.3 322.5576
bdf-L1-sci.00000109.cat 300.2372985 +22.8472204 159814.2 322.5846
bdf-L1-sci.00000110.cat 300.2374025 +22.8472270 159836.6 322.2352
bdf-L1-sci.00000111.cat 300.2374643 +22.8472796 159123.7 321.9887
bdf-L1-sci.00000112.cat 300.2373872 +22.8472636 159327.2 322.2687
bdf-L1-sci.00000113.cat 300.2373939 +22.8472372 160253.7 323.1353
bdf-L1-sci.00000114.cat 300.2373635 +22.8472715 160481.5 323.1644
bdf-L1-sci.00000115.cat 300.2373483 +22.8472086 160042.3 322.6429
bdf-L1-sci.00000116.cat 300.2374052 +22.8471904 159281.4 322.1278
bdf-L1-sci.00000117.cat 300.2373775 +22.8472574 160053.6 322.8273
bdf-L1-sci.00000118.cat 300.2373965 +22.8472725 159283.5 322.056
bdf-L1-sci.00000119.cat 300.2373059 +22.8471975 158987 322.0925
bdf-L1-sci.00000120.cat 300.2373255 +22.8472623 159240.5 322.1648
bdf-L1-sci.00000121.cat 300.2373875 +22.8472515 158983.5 321.8275
bdf-L1-sci.00000122.cat 300.2373578 +22.8473107 159033.9 321.6808
bdf-L1-sci.00000123.cat 300.2373997 +22.8473041 159389.7 321.7033
bdf-L1-sci.00000124.cat 300.2374019 +22.8472918 159130.1 321.476
bdf-L1-sci.00000125.cat 300.2374201 +22.8472860 158806.5 321.5394
bdf-L1-sci.00000126.cat 300.2373739 +22.8472781 159274.1 321.7893
bdf-L1-sci.00000127.cat 300.2373934 +22.8472875 158952.8 321.7502
bdf-L1-sci.00000128.cat 300.2373973 +22.8472691 159017.3 321.656
bdf-L1-sci.00000129.cat 300.2374176 +22.8472607 159286.4 321.9447
bdf-L1-sci.00000130.cat 300.2374076 +22.8472936 159038.9 321.5269
bdf-L1-sci.00000131.cat 300.2374032 +22.8472721 159423.8 321.8371
bdf-L1-sci.00000132.cat 300.2373626 +22.8472290 159731 322.2232
bdf-L1-sci.00000133.cat 300.2374190 +22.8472466 160298.7 322.437
bdf-L1-sci.00000134.cat 300.2374243 +22.8472742 158799.3 321.3442
bdf-L1-sci.00000135.cat 300.2374243 +22.8473273 159530.6 322.11
bdf-L1-sci.00000136.cat 300.2374166 +22.8472969 159469.8 321.8174
bdf-L1-sci.00000137.cat 300.2374076 +22.8472852 159054.4 321.3531
bdf-L1-sci.00000138.cat 300.2373865 +22.8472873 159553.5 322.1709
bdf-L1-sci.00000139.cat 300.2374083 +22.8472969 159186.7 321.7902
bdf-L1-sci.00000140.cat 300.2373988 +22.8473008 159078.4 321.7361
bdf-L1-sci.00000141.cat 300.2373940 +22.8472890 159606.5 322.1237
bdf-L1-sci.00000142.cat 300.2373509 +22.8473251 158905 321.6221
bdf-L1-sci.00000143.cat 300.2374100 +22.8473013 159205.3 321.8913
bdf-L1-sci.00000144.cat 300.2373938 +22.8472400 159008.4 321.6019
bdf-L1-sci.00000145.cat 300.2372716 +22.8472361 159243.6 321.767
bdf-L1-sci.00000146.cat 300.2373949 +22.8472337 159587.5 322.1357
bdf-L1-sci.00000147.cat 300.2374151 +22.8472742 159540.2 322.1945
bdf-L1-sci.00000148.cat 300.2373917 +22.8472085 159175.3 321.8074
bdf-L1-sci.00000149.cat 300.2374011 +22.8472198 159242.8 321.7
bdf-L1-sci.00000150.cat 300.2374629 +22.8473000 159591.5 321.768
bdf-L1-sci.00000151.cat 300.2373748 +22.8472324 159555.2 321.778
bdf-L1-sci.00000152.cat 300.2374071 +22.8472893 159381.2 322.1674
bdf-L1-sci.00000153.cat 300.2374156 +22.8472859 159685.7 322.2665
bdf-L1-sci.00000154.cat 300.2374066 +22.8472863 159514.9 322.6505
bdf-L1-sci.00000155.cat 300.2374181 +22.8472945 158643.8 321.5358
bdf-L1-sci.00000156.cat 300.2374595 +22.8472991 159593.6 322.6067
bdf-L1-sci.00000157.cat 300.2374003 +22.8472274 159438.8 322.0047
bdf-L1-sci.00000158.cat 300.2373969 +22.8472491 159251.3 321.8808
bdf-L1-sci.00000159.cat 300.2373745 +22.8472464 159853.1 322.3662
bdf-L1-sci.00000160.cat 300.2373305 +22.8472935 159357 322.2501
bdf-L1-sci.00000161.cat 300.2374307 +22.8472701 158674.5 321.5662
bdf-L1-sci.00000162.cat 300.2374168 +22.8473365 159549 322.0154
bdf-L1-sci.00000163.cat 300.2373929 +22.8472981 159168.9 321.9211
bdf-L1-sci.00000164.cat 300.2374665 +22.8472867 158655.7 321.4869
bdf-L1-sci.00000165.cat 300.2374516 +22.8472985 158300.5 321.3394
bdf-L1-sci.00000166.cat 300.2374136 +22.8472446 159699.3 322.2488
bdf-L1-sci.00000167.cat 300.2374001 +22.8472518 159667.5 322.1282
bdf-L1-sci.00000168.cat 300.2373806 +22.8472516 158742.1 321.7398
bdf-L1-sci.00000169.cat 300.2373585 +22.8472495 159246.5 322.0011
bdf-L1-sci.00000170.cat 300.2373976 +22.8472468 158546.9 321.3926
bdf-L1-sci.00000171.cat 300.2373954 +22.8472433 158565.2 321.3257
bdf-L1-sci.00000172.cat 300.2373573 +22.8472215 158107.2 320.7434
bdf-L1-sci.00000173.cat 300.2373423 +22.8473733 158633.9 320.9519
bdf-L1-sci.00000174.cat 300.2373711 +22.8472380 158050.1 320.4135
bdf-L1-sci.00000175.cat 300.2373408 +22.8472582 158971.8 321.3988
bdf-L1-sci.00000176.cat 300.2373681 +22.8472393 158459.7 320.9963
bdf-L1-sci.00000177.cat 300.2373933 +22.8472379 159110.4 321.638
bdf-L1-sci.00000178.cat 300.2373350 +22.8472311 159188.5 321.9118
bdf-L1-sci.00000179.cat 300.2373641 +22.8473235 158817 321.4477
bdf-L1-sci.00000180.cat 300.2374362 +22.8472928 158369.2 321.2372
bdf-L1-sci.00000181.cat 300.2373796 +22.8473039 158369.6 321.2628
bdf-L1-sci.00000182.cat 300.2374308 +22.8471990 158123.9 321.1915
bdf-L1-sci.00000183.cat 300.2374911 +22.8473022 157317.5 320.4754
bdf-L1-sci.00000184.cat 300.2373958 +22.8472088 157699.3 320.7888
bdf-L1-sci.00000185.cat 300.2373851 +22.8472675 157939.7 320.9192
bdf-L1-sci.00000186.cat 300.2374060 +22.8472728 157759 320.7164
bdf-L1-sci.00000187.cat 300.2373798 +22.8472697 157630.9 321.065
bdf-L1-sci.00000188.cat 300.2374260 +22.8472861 158280 321.3919
bdf-L1-sci.00000189.cat 300.2374227 +22.8473051 159527.5 321.9209
bdf-L1-sci.00000190.cat 300.2373963 +22.8472489 158104.4 321.1848
bdf-L1-sci.00000191.cat 300.2373843 +22.8472691 158727.6 321.5487
bdf-L1-sci.00000192.cat 300.2374044 +22.8473434 158446.7 321.0189
bdf-L1-sci.00000193.cat 300.2373940 +22.8473076 158298.7 321.2038
bdf-L1-sci.00000194.cat 300.2373570 +22.8472513 158637.8 321.6611
bdf-L1-sci.00000195.cat 300.2374173 +22.8472535 158212.3 320.8568
bdf-L1-sci.00000196.cat 300.2373987 +22.8473008 157723.4 320.5445
bdf-L1-sci.00000198.cat 300.2374957 +22.8473019 157891.2 320.6833
bdf-L1-sci.00000199.cat 300.2372897 +22.8472653 156955 319.9627
bdf-L1-sci.00000200.cat 300.2374266 +22.8473291 158452.6 321.5431
bdf-L1-sci.00000201.cat 300.2374078 +22.8473179 158703.2 321.351
bdf-L1-sci.00000202.cat 300.2373555 +22.8472187 157413.2 320.5216
bdf-L1-sci.00000203.cat 300.2372970 +22.8472321 158379 321.3383
bdf-L1-sci.00000204.cat 300.2374055 +22.8472109 157372.6 320.4966
bdf-L1-sci.00000205.cat 300.2373720 +22.8472041 158367.5 320.998
bdf-L1-sci.00000206.cat 300.2373733 +22.8472257 157370.5 320.7214
bdf-L1-sci.00000207.cat 300.2374785 +22.8472931 157227.2 320.3041
bdf-L1-sci.00000208.cat 300.2374030 +22.8472254 157852.4 320.7205
bdf-L1-sci.00000209.cat 300.2373690 +22.8472644 157333.7 320.7976
bdf-L1-sci.00000210.cat 300.2374064 +22.8472055 156875.5 320.0247
bdf-L1-sci.00000211.cat 300.2373951 +22.8472637 157623.9 320.6883
bdf-L1-sci.00000212.cat 300.2373609 +22.8472372 157260.9 320.0335
bdf-L1-sci.00000213.cat 300.2373793 +22.8472266 157759.4 320.6368
bdf-L1-sci.00000214.cat 300.2373781 +22.8472368 157917 320.8079
bdf-L1-sci.00000215.cat 300.2374602 +22.8473039 157764.9 320.936
bdf-L1-sci.00000216.cat 300.2373916 +22.8472736 157691.2 321.3725
bdf-L1-sci.00000217.cat 300.2374763 +22.8473056 156899.2 320.3556
bdf-L1-sci.00000218.cat 300.2373188 +22.8472758 158724.3 321.7687
bdf-L1-sci.00000219.cat 300.2373891 +22.8472427 157547.5 321.0998
bdf-L1-sci.00000220.cat 300.2373739 +22.8472110 157794.4 321.2122
bdf-L1-sci.00000221.cat 300.2374877 +22.8472830 156484.9 320.1974
bdf-L1-sci.00000222.cat 300.2373513 +22.8472502 156937.8 320.4135
bdf-L1-sci.00000223.cat 300.2373580 +22.8472336 158005.8 320.701
bdf-L1-sci.00000224.cat 300.2373909 +22.8472452 157016.7 320.1693
bdf-L1-sci.00000225.cat 300.2374600 +22.8472870 157466.1 320.6206
bdf-L1-sci.00000226.cat 300.2374220 +22.8472768 157411.1 320.5152
bdf-L1-sci.00000227.cat 300.2375003 +22.8472501 156487.6 319.761
bdf-L1-sci.00000228.cat 300.2374552 +22.8472832 157404.7 320.3371
bdf-L1-sci.00000229.cat 300.2374520 +22.8472980 157876.6 320.8919
bdf-L1-sci.00000230.cat 300.2374867 +22.8472790 156394 319.6173
bdf-L1-sci.00000231.cat 300.2374441 +22.8472983 157153.2 320.2124
bdf-L1-sci.00000232.cat 300.2374722 +22.8472957 157083.4 320.2942
bdf-L1-sci.00000233.cat 300.2374874 +22.8472889 157092.1 320.4918
bdf-L1-sci.00000234.cat 300.2374698 +22.8473040 156998.7 320.3183
bdf-L1-sci.00000235.cat 300.2374769 +22.8473004 157897.4 320.8503
bdf-L1-sci.00000236.cat 300.2374602 +22.8473114 157453.1 320.4991
bdf-L1-sci.00000237.cat 300.2374592 +22.8473048 157391.7 320.5372
bdf-L1-sci.00000238.cat 300.2374645 +22.8472611 156447 319.7128
bdf-L1-sci.00000239.cat 300.2374552 +22.8473130 156235.1 319.8027
bdf-L1-sci.00000240.cat 300.2374436 +22.8472646 157224.6 320.5315
bdf-L1-sci.00000241.cat 300.2374865 +22.8473338 157219.1 322.0031
bdf-L1-sci.00000242.cat 300.2374749 +22.8472869 156919.9 322.7544
bdf-L1-sci.00000243.cat 300.2374782 +22.8472847 156509.3 320.2091
bdf-L1-sci.00000244.cat 300.2374874 +22.8472890 157468.8 320.9169
bdf-L1-sci.00000245.cat 300.2374506 +22.8473076 156429 320.334
bdf-L1-sci.00000246.cat 300.2374658 +22.8473049 156492.7 320.1373
bdf-L1-sci.00000247.cat 300.2374557 +22.8473618 156931 320.4716
bdf-L1-sci.00000248.cat 300.2374628 +22.8472715 156741.6 320.1548
bdf-L1-sci.00000249.cat 300.2374693 +22.8472680 156951.8 320.5433
bdf-L1-sci.00000250.cat 300.2374727 +22.8473005 156297.3 319.5648
bdf-L1-sci.00000251.cat 300.2374737 +22.8473075 155986.7 319.4981
bdf-L1-sci.00000252.cat 300.2374803 +22.8473019 156216 319.5901
bdf-L1-sci.00000253.cat 300.2373706 +22.8472372 156780 320.1116
bdf-L1-sci.00000254.cat 300.2373936 +22.8472104 155592.4 319.2597
bdf-L1-sci.00000255.cat 300.2373938 +22.8472805 155820.5 319.4233
bdf-L1-sci.00000256.cat 300.2374060 +22.8472646 155627.3 319.4858
bdf-L1-sci.00000257.cat 300.2374095 +22.8472420 155547.6 319.1216
bdf-L1-sci.00000258.cat 300.2374133 +22.8472588 154971.8 319.2092
bdf-L1-sci.00000259.cat 300.2374032 +22.8472226 155967 319.5485
bdf-L1-sci.00000260.cat 300.2374030 +22.8472461 154653 318.465
bdf-L1-sci.00000261.cat 300.2374039 +22.8472793 155266.4 319.0976
bdf-L1-sci.00000262.cat 300.2373992 +22.8472790 156187.4 319.8095
bdf-L1-sci.00000263.cat 300.2374551 +22.8472979 155738.6 319.33
bdf-L1-sci.00000264.cat 300.2374667 +22.8473045 156793.2 320.3029
bdf-L1-sci.00000265.cat 300.2374332 +22.8472637 155876.6 319.4789
bdf-L1-sci.00000266.cat 300.2374604 +22.8473137 155768.9 319.517
bdf-L1-sci.00000267.cat 300.2374545 +22.8473096 154556.4 318.5847
bdf-L1-sci.00000268.cat 300.2374184 +22.8472410 154785.4 318.7671
bdf-L1-sci.00000269.cat 300.2373990 +22.8472438 155463.4 319.5559
bdf-L1-sci.00000270.cat 300.2374456 +22.8472497 156458.1 320.1337
bdf-L1-sci.00000271.cat 300.2374110 +22.8472829 155420 319.6021
bdf-L1-sci.00000272.cat 300.2374151 +22.8473505 155419 319.411
bdf-L1-sci.00000273.cat 300.2374098 +22.8472705 154587.2 318.9197
bdf-L1-sci.00000274.cat 300.2375140 +22.8472757 154995.7 319.2418
bdf-L1-sci.00000275.cat 300.2373846 +22.8472560 154274.8 318.3818
bdf-L1-sci.00000276.cat 300.2374827 +22.8472818 155913.1 319.6274
bdf-L1-sci.00000277.cat 300.2373533 +22.8472237 155025.6 319.1493
bdf-L1-sci.00000278.cat 300.2373974 +22.8472179 156226.6 319.9689
bdf-L1-sci.00000279.cat 300.2374351 +22.8472488 154568.9 318.7658
bdf-L1-sci.00000280.cat 300.2374229 +22.8472743 154321.4 318.471
bdf-L1-sci.00000281.cat 300.2373842 +22.8472638 155442.1 319.5055
bdf-L1-sci.00000282.cat 300.2373828 +22.8472027 155478.6 319.3577
bdf-L1-sci.00000283.cat 300.2374236 +22.8472592 155197.6 319.4635
bdf-L1-sci.00000284.cat 300.2374079 +22.8472742 155059.4 319.3687
bdf-L1-sci.00000285.cat 300.2374132 +22.8472607 153499.7 318.5394
bdf-L1-sci.00000286.cat 300.2374187 +22.8473143 155099.1 319.4053
bdf-L1-sci.00000287.cat 300.2373236 +22.8472422 154933.4 319.3088
bdf-L1-sci.00000288.cat 300.2372693 +22.8471918 154403.7 318.6843
bdf-L1-sci.00000289.cat 300.2373933 +22.8472597 154178 318.7896
bdf-L1-sci.00000290.cat 300.2374934 +22.8472754 154823 319.0979
bdf-L1-sci.00000291.cat 300.2373942 +22.8472600 154241.1 318.6652
bdf-L1-sci.00000292.cat 300.2374495 +22.8472103 153550.5 318.16
bdf-L1-sci.00000293.cat 300.2373775 +22.8472896 147734.1 313.5443
bdf-L1-sci.00000294.cat 300.2372502 +22.8472222 144935.5 311.3559
bdf-L1-sci.00000295.cat 300.2374282 +22.8473358 153306 318.363
bdf-L1-sci.00000296.cat 300.2373988 +22.8472564 154087.4 319.0714
bdf-L1-sci.00000297.cat 300.2374826 +22.8473135 154588.1 319.1748
bdf-L1-sci.00000298.cat 300.2374588 +22.8472929 154174.8 318.8685
bdf-L1-sci.00000299.cat 300.2373841 +22.8472512 154090.5 318.8947
bdf-L1-sci.00000300.cat 300.2374122 +22.8472494 153796.5 318.8779
bdf-L1-sci.00000301.cat 300.2373874 +22.8472403 154563.4 319.0734
bdf-L1-sci.00000302.cat 300.2374394 +22.8472846 154383.4 319.0707
bdf-L1-sci.00000303.cat 300.2374252 +22.8473059 154854.3 319.6662
bdf-L1-sci.00000304.cat 300.2374082 +22.8472514 154013.4 318.8832
bdf-L1-sci.00000305.cat 300.2374246 +22.8472346 154665.7 319.2982
bdf-L1-sci.00000306.cat 300.2374741 +22.8473143 154400.6 319.1612
bdf-L1-sci.00000307.cat 300.2373722 +22.8472406 154002.8 318.6979
bdf-L1-sci.00000308.cat 300.2374066 +22.8472704 154617.5 319.2234
bdf-L1-sci.00000309.cat 300.2373835 +22.8472622 154499.3 319.2223
bdf-L1-sci.00000310.cat 300.2373463 +22.8473091 154627 319.278
bdf-L1-sci.00000311.cat 300.2374210 +22.8472679 153558.5 318.3851
bdf-L1-sci.00000312.cat 300.2373888 +22.8473272 153742.3 318.8029
bdf-L1-sci.00000313.cat 300.2373932 +22.8472447 154793.8 319.6298
bdf-L1-sci.00000314.cat 300.2374306 +22.8472823 154043 319.1187
bdf-L1-sci.00000315.cat 300.2373073 +22.8472066 154708.4 319.5486
bdf-L1-sci.00000316.cat 300.2373521 +22.8472167 153835.3 318.7727
bdf-L1-sci.00000317.cat 300.2374361 +22.8472516 154092.4 319.2604
bdf-L1-sci.00000318.cat 300.2374188 +22.8472067 153422.9 318.7405
bdf-L1-sci.00000319.cat 300.2374404 +22.8472532 154549 318.9666
bdf-L1-sci.00000320.cat 300.2375148 +22.8473441 153715.3 318.5595
bdf-L1-sci.00000321.cat 300.2374114 +22.8472058 153975.1 318.5866
bdf-L1-sci.00000322.cat 300.2373191 +22.8472396 154432.4 318.9485
bdf-L1-sci.00000323.cat 300.2374937 +22.8473053 154599.1 319.0956
bdf-L1-sci.00000324.cat 300.2374642 +22.8473179 154213.5 318.9332
bdf-L1-sci.00000325.cat 300.2374458 +22.8472836 155240.4 319.661
bdf-L1-sci.00000326.cat 300.2374706 +22.8473276 154325.4 319.1776
bdf-L1-sci.00000327.cat 300.2374660 +22.8473087 154590.7 319.2166
bdf-L1-sci.00000328.cat 300.2374444 +22.8472155 154766.7 319.4079
bdf-L1-sci.00000329.cat 300.2374411 +22.8472856 154340.3 319.0435
bdf-L1-sci.00000330.cat 300.2373975 +22.8472671 154531.7 319.1877
bdf-L1-sci.00000331.cat 300.2374757 +22.8472966 154722.2 319.4589
bdf-L1-sci.00000332.cat 300.2374537 +22.8472709 154692.9 319.6393
bdf-L1-sci.00000333.cat 300.2374208 +22.8472575 154836.6 319.8645
bdf-L1-sci.00000334.cat 300.2374384 +22.8472832 155096.5 319.9339
bdf-L1-sci.00000335.cat 300.2373822 +22.8472682 154676.7 319.4795
bdf-L1-sci.00000336.cat 300.2374308 +22.8472865 155296.5 320.066
bdf-L1-sci.00000337.cat 300.2374310 +22.8472261 154189.4 319.0779
bdf-L1-sci.00000338.cat 300.2374287 +22.8472475 154548.1 319.472
bdf-L1-sci.00000339.cat 300.2373679 +22.8472506 155108.7 320.0137
bdf-L1-sci.00000340.cat 300.2374480 +22.8472365 153949.4 318.8105
bdf-L1-sci.00000341.cat 300.2374681 +22.8473044 153922.8 318.9156
bdf-L1-sci.00000342.cat 300.2374396 +22.8472412 154228.3 319.2097
bdf-L1-sci.00000343.cat 300.2374289 +22.8472152 154127.9 319.2311
bdf-L1-sci.00000344.cat 300.2373598 +22.8472670 153743.5 319.012
bdf-L1-sci.00000345.cat 300.2373427 +22.8472659 154268.8 319.1884
bdf-L1-sci.00000346.cat 300.2373986 +22.8472630 153325.2 318.601
bdf-L1-sci.00000347.cat 300.2374496 +22.8472978 155140.5 320.0515
bdf-L1-sci.00000348.cat 300.2374779 +22.8472933 154428.8 319.7766
bdf-L1-sci.00000349.cat 300.2374639 +22.8472967 154245.8 319.2011
bdf-L1-sci.00000350.cat 300.2374257 +22.8473233 154461 319.759
bdf-L1-sci.00000351.cat 300.2373923 +22.8472488 154051 319.3676
bdf-L1-sci.00000352.cat 300.2374625 +22.8472672 153564 318.8535
bdf-L1-sci.00000353.cat 300.2373670 +22.8472801 154785.9 320.1595
bdf-L1-sci.00000354.cat 300.2374180 +22.8472462 153647.6 318.9556
bdf-L1-sci.00000355.cat 300.2374530 +22.8472845 153796.5 319.0366
bdf-L1-sci.00000356.cat 300.2374066 +22.8472656 154249.9 319.4268
bdf-L1-sci.00000357.cat 300.2374308 +22.8472841 154443.4 319.6998
bdf-L1-sci.00000358.cat 300.2374048 +22.8472873 154387 319.7428
bdf-L1-sci.00000359.cat 300.2374253 +22.8472638 154844.7 320.0286
bdf-L1-sci.00000360.cat 300.2374294 +22.8472494 154823 319.9003
bdf-L1-sci.00000361.cat 300.2374197 +22.8472770 155011.7 319.9389
bdf-L1-sci.00000362.cat 300.2374104 +22.8473372 154750.3 319.8678
bdf-L1-sci.00000363.cat 300.2374064 +22.8472303 154486.9 319.9127
bdf-L1-sci.00000364.cat 300.2374229 +22.8472162 153500 318.8396
bdf-L1-sci.00000365.cat 300.2374057 +22.8472311 154356.5 319.7054
bdf-L1-sci.00000366.cat 300.2374430 +22.8473128 154877.9 320.0868
bdf-L1-sci.00000367.cat 300.2373621 +22.8472735 153743.7 319.4409
bdf-L1-sci.00000368.cat 300.2374675 +22.8472694 154108.9 319.4851
bdf-L1-sci.00000369.cat 300.2372638 +22.8473393 154161.7 319.7538
bdf-L1-sci.00000370.cat 300.2374016 +22.8472911 154907.1 319.954
bdf-L1-sci.00000371.cat 300.2374878 +22.8473098 154952.1 320.1904
bdf-L1-sci.00000372.cat 300.2374304 +22.8472884 154670.3 320.1411
bdf-L1-sci.00000373.cat 300.2374675 +22.8472948 154241.8 319.7896
bdf-L1-sci.00000374.cat 300.2374201 +22.8472724 153964.9 319.5484
bdf-L1-sci.00000375.cat 300.2374112 +22.8472702 153691 319.1272
bdf-L1-sci.00000376.cat 300.2374610 +22.8472669 153740.8 319.3327
bdf-L1-sci.00000377.cat 300.2374233 +22.8472916 154364.8 319.6521
bdf-L1-sci.00000378.cat 300.2374584 +22.8473064 153771 319.4695
bdf-L1-sci.00000379.cat 300.2374363 +22.8472770 154582.5 320.0609
bdf-L1-sci.00000380.cat 300.2374944 +22.8473184 154498.7 320.2817
bdf-L1-sci.00000381.cat 300.2374027 +22.8472496 154185.4 319.7535
bdf-L1-sci.00000382.cat 300.2374082 +22.8472752 153676.3 319.7046
bdf-L1-sci.00000383.cat 300.2374819 +22.8473002 153716.7 319.5637
bdf-L1-sci.00000384.cat 300.2374274 +22.8472551 152860.6 318.9207
bdf-L1-sci.00000385.cat 300.2374736 +22.8473179 153038.4 319.3575
bdf-L1-sci.00000386.cat 300.2374339 +22.8472761 153558.1 319.2538
bdf-L1-sci.00000387.cat 300.2374335 +22.8473201 152442.6 318.9176
bdf-L1-sci.00000388.cat 300.2374118 +22.8472376 152883.7 318.8984
bdf-L1-sci.00000389.cat 300.2374204 +22.8473116 153517.2 319.6114
bdf-L1-sci.00000390.cat 300.2374587 +22.8473386 152267.5 318.5269
bdf-L1-sci.00000391.cat 300.2374424 +22.8472639 153434 319.4702
bdf-L1-sci.00000392.cat 300.2374612 +22.8472985 152410.3 318.6253
bdf-L1-sci.00000393.cat 300.2374029 +22.8472495 152392.5 318.7209
bdf-L1-sci.00000394.cat 300.2374732 +22.8472871 153397.9 319.5682
bdf-L1-sci.00000395.cat 300.2373963 +22.8472634 153433.2 319.5963
bdf-L1-sci.00000396.cat 300.2374090 +22.8472584 154062.7 319.9085
bdf-L1-sci.00000397.cat 300.2374143 +22.8472726 152794.7 318.8238
bdf-L1-sci.00000398.cat 300.2375028 +22.8472744 153235.5 319.3801
bdf-L1-sci.00000399.cat 300.2374108 +22.8472789 152469.8 319.2324
bdf-L1-sci.00000400.cat 300.2374310 +22.8472618 154223.5 320.2433
bdf-L1-sci.00000401.cat 300.2374422 +22.8472765 153218.7 319.4465
bdf-L1-sci.00000402.cat 300.2373847 +22.8472623 152582 318.7986
bdf-L1-sci.00000403.cat 300.2374092 +22.8472866 152552.8 319.2314
bdf-L1-sci.00000404.cat 300.2374131 +22.8472680 152320.8 318.564
bdf-L1-sci.00000405.cat 300.2374676 +22.8472941 152604.2 319.2394
bdf-L1-sci.00000406.cat 300.2374394 +22.8472557 153170.2 319.6535
bdf-L1-sci.00000407.cat 300.2373580 +22.8472820 151837.9 319.5183
bdf-L1-sci.00000408.cat 300.2373503 +22.8472655 152173.9 319.3251
bdf-L1-sci.00000409.cat 300.2374567 +22.8472798 153101.7 320.2673
bdf-L1-sci.00000410.cat 300.2374173 +22.8473416 152602.7 319.7566
bdf-L1-sci.00000411.cat 300.2373993 +22.8473337 151582.5 318.8456
bdf-L1-sci.00000412.cat 300.2374097 +22.8472402 152189 319.2694
bdf-L1-sci.00000413.cat 300.2374443 +22.8472481 151467.7 318.7423
bdf-L1-sci.00000414.cat 300.2374345 +22.8471918 151868.9 319.0845
bdf-L1-sci.00000415.cat 300.2374825 +22.8473201 151231.1 318.9247
bdf-L1-sci.00000416.cat 300.2374863 +22.8473002 151338.6 319.243
bdf-L1-sci.00000417.cat 300.2373416 +22.8472228 151888.7 319.0226
bdf-L1-sci.00000418.cat 300.2373993 +22.8472896 151521.7 318.9823
bdf-L1-sci.00000419.cat 300.2374740 +22.8472626 150937.3 318.3224
bdf-L1-sci.00000420.cat 300.2373946 +22.8473134 150620.9 318.1827
bdf-L1-sci.00000421.cat 300.2374628 +22.8471731 150714.5 318.2519
bdf-L1-sci.00000422.cat 300.2372926 +22.8471963 150359.4 318.5519
bdf-L1-sci.00000423.cat 300.2374234 +22.8472640 151312.9 319.4198
bdf-L1-sci.00000424.cat 300.2374330 +22.8472585 150976.7 319.2997
bdf-L1-sci.00000425.cat 300.2374189 +22.8472500 149922.1 318.5961
bdf-L1-sci.00000426.cat 300.2374562 +22.8473541 150649.4 318.8366
bdf-L1-sci.00000427.cat 300.2374196 +22.8473037 150682.7 318.5942
bdf-L1-sci.00000428.cat 300.2373310 +22.8473376 151970.8 320.0985
bdf-L1-sci.00000429.cat 300.2374620 +22.8473292 150018.2 318.5031
bdf-L1-sci.00000430.cat 300.2374382 +22.8473214 150405.2 318.8784
bdf-L1-sci.00000431.cat 300.2374543 +22.8473062 151238.6 319.4038
bdf-L1-sci.00000432.cat 300.2374788 +22.8473173 150377.2 318.8361
bdf-L1-sci.00000433.cat 300.2374714 +22.8473374 150485.3 318.9193
bdf-L1-sci.00000434.cat 300.2374630 +22.8473221 150950.8 319.2586
bdf-L1-sci.00000435.cat 300.2374877 +22.8472889 150949.5 318.8559
bdf-L1-sci.00000436.cat 300.2374388 +22.8473200 150283.8 317.8344
bdf-L1-sci.00000437.cat 300.2374627 +22.8473523 149945.4 317.9163
bdf-L1-sci.00000438.cat 300.2373865 +22.8473011 150798.4 318.5932
bdf-L1-sci.00000439.cat 300.2375001 +22.8473174 150377.7 318.4088
bdf-L1-sci.00000440.cat 300.2374368 +22.8473063 151266.1 319.0163
bdf-L1-sci.00000441.cat 300.2374878 +22.8472460 150277.8 318.1505
bdf-L1-sci.00000442.cat 300.2374439 +22.8473140 150676.1 318.4447
bdf-L1-sci.00000443.cat 300.2374619 +22.8473173 149992.4 317.8542
bdf-L1-sci.00000444.cat 300.2374775 +22.8472856 150813.9 318.9864
bdf-L1-sci.00000445.cat 300.2374309 +22.8472914 150901.9 318.8847
bdf-L1-sci.00000446.cat 300.2374989 +22.8472447 149441.1 317.5972
bdf-L1-sci.00000447.cat 300.2372664 +22.8474536 150447.8 318.5947
bdf-L1-sci.00000448.cat 300.2374312 +22.8473494 151235.3 319.1107
bdf-L1-sci.00000449.cat 300.2373697 +22.8473667 151137.8 318.9356
bdf-L1-sci.00000450.cat 300.2374494 +22.8473192 150861.7 318.5804
bdf-L1-sci.00000451.cat 300.2374649 +22.8472905 150924.1 318.9767
bdf-L1-sci.00000452.cat 300.2374852 +22.8473242 150306.9 318.627
bdf-L1-sci.00000453.cat 300.2374512 +22.8473150 151448.6 319.4227
bdf-L1-sci.00000454.cat 300.2374431 +22.8472885 150637.9 318.9543
bdf-L1-sci.00000455.cat 300.2374910 +22.8473820 150727.4 318.7257
bdf-L1-sci.00000456.cat 300.2374597 +22.8473156 150134.8 318.3685
bdf-L1-sci.00000457.cat 300.2374631 +22.8473366 151155.4 319.3152
bdf-L1-sci.00000458.cat 300.2374526 +22.8472998 150279.1 318.6769
bdf-L1-sci.00000459.cat 300.2374410 +22.8473344 149252.5 317.89
bdf-L1-sci.00000460.cat 300.2374143 +22.8473018 148905.4 317.9048
bdf-L1-sci.00000461.cat 300.2372855 +22.8472413 150212.9 318.9913
bdf-L1-sci.00000462.cat 300.2374867 +22.8473696 149385.2 318.6695
bdf-L1-sci.00000463.cat 300.2375777 +22.8472589 147058.7 317.2261
bdf-L1-sci.00000464.cat 300.2374433 +22.8473044 148532.2 318.1933
bdf-L1-sci.00000465.cat 300.2374544 +22.8473252 150209.2 319.7914
bdf-L1-sci.00000466.cat 300.2374467 +22.8473276 148408 318.2463
bdf-L1-sci.00000467.cat 300.2374759 +22.8472831 149184.8 319.0642
bdf-L1-sci.00000468.cat 300.2374852 +22.8473478 148073 318.1455
bdf-L1-sci.00000469.cat 300.2374424 +22.8472875 146413.8 317.2769
bdf-L1-sci.00000470.cat 300.2375057 +22.8473259 147362.4 317.8908
bdf-L1-sci.00000471.cat 300.2375082 +22.8472998 145895.5 317.2907
bdf-L1-sci.00000472.cat 300.2375011 +22.8472839 145801 316.9346
bdf-L1-sci.00000473.cat 300.2374791 +22.8472245 145126.2 316.412
bdf-L1-sci.00000474.cat 300.2374211 +22.8472843 145880 317.1216
bdf-L1-sci.00000475.cat 300.2374212 +22.8473056 142843.8 315.0706
bdf-L1-sci.00000476.cat 300.2374486 +22.8473171 144027.5 315.7511
bdf-L1-sci.00000477.cat 300.2374014 +22.8473112 143978.5 316.0839
bdf-L1-sci.00000478.cat 300.2374249 +22.8473578 143501.7 315.2508
bdf-L1-sci.00000479.cat 300.2375037 +22.8472899 143750.8 315.547
bdf-L1-sci.00000480.cat 300.2374573 +22.8473481 143832.7 315.6813
bdf-L1-sci.00000481.cat 300.2373886 +22.8473237 146774 317.582
bdf-L1-sci.00000482.cat 300.2374958 +22.8473554 146810.8 318.3188
bdf-L1-sci.00000483.cat 300.2374872 +22.8473080 145451 316.723
bdf-L1-sci.00000484.cat 300.2374777 +22.8473612 146816.9 317.9742
bdf-L1-sci.00000485.cat 300.2373021 +22.8473493 147161 316.5947
bdf-L1-sci.00000486.cat 300.2374523 +22.8472904 147471.9 316.7877
bdf-L1-sci.00000487.cat 300.2374960 +22.8473093 146945 316.6698
bdf-L1-sci.00000488.cat 300.2374286 +22.8473278 147035.5 316.9235
bdf-L1-sci.00000489.cat 300.2374043 +22.8473033 146206.2 316.2509
bdf-L1-sci.00000490.cat 300.2374055 +22.8473217 147540.3 317.553
bdf-L1-sci.00000491.cat 300.2374479 +22.8472908 147463.3 317.2619
bdf-L1-sci.00000492.cat 300.2374639 +22.8473033 147639.8 317.1118
bdf-L1-sci.00000493.cat 300.2374605 +22.8473774 146108.2 316.4511
bdf-L1-sci.00000494.cat 300.2374801 +22.8473192 147918 317.607
bdf-L1-sci.00000495.cat 300.2374784 +22.8473238 146967.8 316.7177
bdf-L1-sci.00000496.cat 300.2374080 +22.8473169 147084.9 317.3282
bdf-L1-sci.00000497.cat 300.2374230 +22.8473225 146306 316.6673
bdf-L1-sci.00000498.cat 300.2374701 +22.8473406 144926.1 315.2115
bdf-L1-sci.00000499.cat 300.2374406 +22.8472829 147224.2 317.4975
bdf-L1-sci.00000500.cat 300.2374212 +22.8472945 145911 316.1394
bdf-L1-sci.00000501.cat 300.2374542 +22.8473186 145706.8 316.1136
bdf-L1-sci.00000502.cat 300.2374542 +22.8472913 146334.8 316.7834
bdf-L1-sci.00000503.cat 300.2373566 +22.8473718 146182.4 316.1709
bdf-L1-sci.00000504.cat 300.2374982 +22.8473317 146603.8 316.5656
bdf-L1-sci.00000505.cat 300.2373111 +22.8473477 146754.6 316.8689
bdf-L1-sci.00000506.cat 300.2374485 +22.8473071 146700.5 316.5583
bdf-L1-sci.00000507.cat 300.2373807 +22.8473610 138897.8 310.4536
bdf-L1-sci.00000508.cat 300.2374185 +22.8473166 144455.9 314.7085
bdf-L1-sci.00000509.cat 300.2374724 +22.8473464 146411.4 316.324
bdf-L1-sci.00000510.cat 300.2374607 +22.8473218 146776.6 316.6281
bdf-L1-sci.00000511.cat 300.2374131 +22.8472827 146748.1 316.0476
bdf-L1-sci.00000512.cat 300.2374898 +22.8473320 145080.2 314.8031
bdf-L1-sci.00000513.cat 300.2373367 +22.8472611 145395.6 314.8147
bdf-L1-sci.00000514.cat 300.2374832 +22.8473055 144474.8 314.4602
bdf-L1-sci.00000515.cat 300.2374735 +22.8473090 144301.7 314.182
bdf-L1-sci.00000516.cat 300.2373686 +22.8472949 145645.7 315.5048
bdf-L1-sci.00000517.cat 300.2374784 +22.8473068 144725.1 314.9442
bdf-L1-sci.00000518.cat 300.2374673 +22.8473433 145186.9 315.5621
bdf-L1-sci.00000519.cat 300.2372577 +22.8472826 145343.4 315.9475
bdf-L1-sci.00000520.cat 300.2374520 +22.8472986 145674.5 316.1784
bdf-L1-sci.00000521.cat 300.2374371 +22.8473322 144867.8 315.3435
bdf-L1-sci.00000522.cat 300.2373542 +22.8473325 145719.8 315.4815
bdf-L1-sci.00000523.cat 300.2373683 +22.8473183 143916.1 314.1916
bdf-L1-sci.00000524.cat 300.2375826 +22.8472615 144718 315.1971
bdf-L1-sci.00000525.cat 300.2374257 +22.8473188 144145.2 314.2431
bdf-L1-sci.00000526.cat 300.2373988 +22.8473297 144540.5 314.9497
bdf-L1-sci.00000527.cat 300.2374799 +22.8472884 143896.4 314.3183
bdf-L1-sci.00000528.cat 300.2374568 +22.8473291 144725.1 314.9317
bdf-L1-sci.00000529.cat 300.2374121 +22.8473057 144465.1 314.6671
bdf-L1-sci.00000530.cat 300.2374876 +22.8472774 145351.1 315.6041
bdf-L1-sci.00000531.cat 300.2374344 +22.8472909 144523.2 314.7479
bdf-L1-sci.00000532.cat 300.2374102 +22.8472787 144258.4 314.3787
bdf-L1-sci.00000533.cat 300.2374124 +22.8473021 146142 315.9597
bdf-L1-sci.00000534.cat 300.2374898 +22.8472765 143909 314.4701
bdf-L1-sci.00000535.cat 300.2374453 +22.8473114 144696.7 315.3264
bdf-L1-sci.00000536.cat 300.2374251 +22.8473277 145060.8 315.5019
bdf-L1-sci.00000538.cat 300.2374495 +22.8472878 143006.2 313.2659
bdf-L1-sci.00000539.cat 300.2374872 +22.8473627 144119 314.2157
bdf-L1-sci.00000540.cat 300.2374835 +22.8473335 145504.6 315.183
bdf-L1-sci.00000541.cat 300.2375344 +22.8472852 144829.3 314.6749
bdf-L1-sci.00000542.cat 300.2374010 +22.8473185 143764.5 313.7035
bdf-L1-sci.00000543.cat 300.2374140 +22.8472904 143447.7 313.7028
bdf-L1-sci.00000544.cat 300.2375667 +22.8472866 144458.2 314.9943
bdf-L1-sci.00000545.cat 300.2374670 +22.8473067 142025.4 313.1301
bdf-L1-sci.00000546.cat 300.2374708 +22.8472777 96684.13 278.278
bdf-L1-sci.00000547.cat 300.2373905 +22.8472980 65487.34 252.1508
bdf-L1-sci.00000548.cat 300.2374669 +22.8473371 41470.12 225.9861
bdf-L1-sci.00000549.cat 300.2374145 +22.8474561 40296.21 225.7408
bdf-L1-sci.00000561.cat 300.2374545 +22.8472740 100402.3 282.0987
bdf-L1-sci.00000562.cat 300.2374258 +22.8473081 140367.1 311.9443
bdf-L1-sci.00000563.cat 300.2372468 +22.8473265 143491.9 314.2107
bdf-L1-sci.00000564.cat 300.2374255 +22.8473095 140619.1 312.027
bdf-L1-sci.00000566.cat 300.2374560 +22.8473116 139539.9 311.0339
bdf-L1-sci.00000567.cat 300.2374724 +22.8472977 142746.5 313.2669
bdf-L1-sci.00000568.cat 300.2374483 +22.8473068 141625.4 312.4582
bdf-L1-sci.00000569.cat 300.2374198 +22.8472846 142151 312.892
bdf-L1-sci.00000570.cat 300.2374454 +22.8472906 143737.9 314.2382
bdf-L1-sci.00000571.cat 300.2373676 +22.8472516 141003.5 312.1312
bdf-L1-sci.00000572.cat 300.2374465 +22.8473378 142944.3 313.4146
bdf-L1-sci.00000573.cat 300.2374542 +22.8472944 142523.1 313.0848
bdf-L1-sci.00000574.cat 300.2374144 +22.8472923 143694.3 313.969
bdf-L1-sci.00000575.cat 300.2374227 +22.8472669 144243.3 314.4339
bdf-L1-sci.00000576.cat 300.2374282 +22.8473226 143070.4 313.8148
bdf-L1-sci.00000577.cat 300.2373763 +22.8473555 143498.4 314.0424
bdf-L1-sci.00000578.cat 300.2374275 +22.8473120 143572.7 314.0866
bdf-L1-sci.00000579.cat 300.2374103 +22.8473323 144322.2 314.8933
bdf-L1-sci.00000580.cat 300.2375664 +22.8472936 142141.7 313.0061
bdf-L1-sci.00000581.cat 300.2374601 +22.8473212 143951.1 314.4437
bdf-L1-sci.00000582.cat 300.2373417 +22.8473424 143511.4 314.3323
bdf-L1-sci.00000583.cat 300.2374010 +22.8473345 143303.2 313.9668
bdf-L1-sci.00000584.cat 300.2373981 +22.8473276 142422.7 313.3622
bdf-L1-sci.00000585.cat 300.2375617 +22.8473862 143261.8 313.9821
bdf-L1-sci.00000586.cat 300.2374421 +22.8472925 142658.2 313.4928
bdf-L1-sci.00000587.cat 300.2374683 +22.8473189 142408.5 313.254
bdf-L1-sci.00000588.cat 300.2375010 +22.8473403 142235.8 313.3697
bdf-L1-sci.00000589.cat 300.2374092 +22.8473549 143064.5 313.9002
bdf-L1-sci.00000590.cat 300.2374290 +22.8473440 142878.2 313.8267
bdf-L1-sci.00000591.cat 300.2374696 +22.8473147 143081.4 313.8946
bdf-L1-sci.00000592.cat 300.2374769 +22.8473138 142850.9 313.7317
bdf-L1-sci.00000593.cat 300.2375066 +22.8472707 142995.5 314.0093
bdf-L1-sci.00000594.cat 300.2374981 +22.8473330 143956.9 314.6302
