bdf-L1-sci.00000001.cat 300.2452898 +22.6853077 20713.05 186.8837
bdf-L1-sci.00000002.cat 300.2453135 +22.6853115 20479.84 186.0365
bdf-L1-sci.00000003.cat 300.2453216 +22.6853235 20338.86 185.5108
bdf-L1-sci.00000004.cat 300.2452846 +22.6853206 20631.83 186.2394
bdf-L1-sci.00000005.cat 300.2452787 +22.6853393 20500.21 186.2444
bdf-L1-sci.00000006.cat 300.2453080 +22.6853376 20506.58 186.4786
bdf-L1-sci.00000007.cat 300.2452405 +22.6853991 20326.98 186.7759
bdf-L1-sci.00000008.cat 300.2453342 +22.6854062 20365.18 187.0753
bdf-L1-sci.00000009.cat 300.2452975 +22.6853931 19861.66 186.3984
bdf-L1-sci.00000010.cat 300.2452069 +22.6854408 20084.29 186.7014
bdf-L1-sci.00000011.cat 300.2454983 +22.6854856 20154.38 187.2464
bdf-L1-sci.00000012.cat 300.2452559 +22.6853688 20363.09 186.6375
bdf-L1-sci.00000013.cat 300.2451551 +22.6853477 20242.83 186.2504
bdf-L1-sci.00000014.cat 300.2452730 +22.6853592 20484.12 186.162
bdf-L1-sci.00000015.cat 300.2452964 +22.6853813 20547.09 187.7383
bdf-L1-sci.00000016.cat 300.2452937 +22.6853661 20337.84 187.777
bdf-L1-sci.00000017.cat 300.2453096 +22.6853574 20520.6 187.6306
bdf-L1-sci.00000018.cat 300.2452569 +22.6853479 20269.95 186.2521
bdf-L1-sci.00000019.cat 300.2453029 +22.6854308 20403.83 185.4138
bdf-L1-sci.00000020.cat 300.2452714 +22.6854360 20331.7 184.8428
bdf-L1-sci.00000021.cat 300.2453105 +22.6853789 20309.35 186.2805
bdf-L1-sci.00000022.cat 300.2452720 +22.6854099 20446.33 185.3426
bdf-L1-sci.00000023.cat 300.2453126 +22.6853454 20139.89 185.5497
bdf-L1-sci.00000024.cat 300.2450915 +22.6849591 20312.47 186.0774
bdf-L1-sci.00000025.cat 300.2453083 +22.6855071 20628.5 186.2128
bdf-L1-sci.00000026.cat 300.2452560 +22.6854020 20354.51 185.9974
bdf-L1-sci.00000027.cat 300.2453310 +22.6854331 15176.93 179.3146
bdf-L1-sci.00000028.cat 300.2453038 +22.6853865 20340.43 186.06
bdf-L1-sci.00000029.cat 300.2453156 +22.6852994 20243.13 186.1015
bdf-L1-sci.00000030.cat 300.2452566 +22.6853688 20493.25 186.5187
bdf-L1-sci.00000031.cat 300.2452688 +22.6853946 20325.95 186.6943
bdf-L1-sci.00000032.cat 300.2452741 +22.6853560 20515.63 186.2051
bdf-L1-sci.00000033.cat 300.2452982 +22.6854180 20213.71 186.3687
bdf-L1-sci.00000034.cat 300.2453050 +22.6853569 20600.3 186.1902
bdf-L1-sci.00000035.cat 300.2452598 +22.6854465 20386.16 185.8355
bdf-L1-sci.00000036.cat 300.2452485 +22.6853693 20543.12 186.5835
bdf-L1-sci.00000037.cat 300.2452524 +22.6852826 20237.6 186.0769
bdf-L1-sci.00000038.cat 300.2452937 +22.6854250 20761.01 186.6978
bdf-L1-sci.00000039.cat 300.2452979 +22.6853822 20588.94 186.2593
bdf-L1-sci.00000040.cat 300.2452844 +22.6852365 20125.57 185.9763
bdf-L1-sci.00000041.cat 300.2452481 +22.6853912 20619.53 185.8523
bdf-L1-sci.00000042.cat 300.2452733 +22.6853662 20455.58 186.0268
bdf-L1-sci.00000043.cat 300.2453083 +22.6853504 20661.94 186.0853
bdf-L1-sci.00000044.cat 300.2453112 +22.6853447 20504.25 185.9471
bdf-L1-sci.00000045.cat 300.2453112 +22.6853608 20054.18 185.1212
bdf-L1-sci.00000046.cat 300.2452932 +22.6853249 20915.25 186.8923
bdf-L1-sci.00000047.cat 300.2453072 +22.6853189 20480.39 185.8026
bdf-L1-sci.00000048.cat 300.2453195 +22.6853614 20696.68 186.4551
bdf-L1-sci.00000049.cat 300.2452952 +22.6853285 20575.73 186.2856
bdf-L1-sci.00000050.cat 300.2451944 +22.6854000 20629.3 186.6687
bdf-L1-sci.00000051.cat 300.2453020 +22.6853715 20466.05 185.8009
bdf-L1-sci.00000052.cat 300.2451798 +22.6853078 20669.35 186.2361
bdf-L1-sci.00000053.cat 300.2452697 +22.6853660 20584.91 186.3558
bdf-L1-sci.00000054.cat 300.2452821 +22.6853512 20628.5 186.2349
bdf-L1-sci.00000055.cat 300.2452964 +22.6853569 20481.81 185.9615
bdf-L1-sci.00000056.cat 300.2453073 +22.6853620 20837.25 187.007
bdf-L1-sci.00000057.cat 300.2453104 +22.6853186 20574.05 186.2887
bdf-L1-sci.00000058.cat 300.2452839 +22.6853918 20535.8 186.3389
bdf-L1-sci.00000059.cat 300.2453024 +22.6853714 20468.24 186.5456
bdf-L1-sci.00000060.cat 300.2453052 +22.6853330 20393.9 185.5408
bdf-L1-sci.00000061.cat 300.2453654 +22.6853600 20706.18 186.084
bdf-L1-sci.00000062.cat 300.2453405 +22.6853050 20676.81 186.0385
bdf-L1-sci.00000064.cat 300.2452657 +22.6853262 20789.25 186.6966
bdf-L1-sci.00000065.cat 300.2451211 +22.6853053 20494.37 188.1638
bdf-L1-sci.00000066.cat 300.2452895 +22.6852993 20448.61 186.8326
bdf-L1-sci.00000067.cat 300.2452086 +22.6853104 20370.63 185.9165
bdf-L1-sci.00000068.cat 300.2452856 +22.6853205 20268.25 185.7484
bdf-L1-sci.00000069.cat 300.2452887 +22.6853088 20622.67 186.3433
bdf-L1-sci.00000070.cat 300.2452444 +22.6853409 20444.79 185.5861
bdf-L1-sci.00000071.cat 300.2452478 +22.6853107 20520.62 186.2317
bdf-L1-sci.00000072.cat 300.2452837 +22.6853006 20528.49 186.2596
bdf-L1-sci.00000073.cat 300.2452559 +22.6853405 20437.55 185.6327
bdf-L1-sci.00000074.cat 300.2452932 +22.6853998 20208.58 185.341
bdf-L1-sci.00000075.cat 300.2452517 +22.6853410 19910.43 185.2693
bdf-L1-sci.00000076.cat 300.2452953 +22.6853661 19898.02 184.7501
bdf-L1-sci.00000077.cat 300.2452703 +22.6854249 19113.96 183.7276
bdf-L1-sci.00000078.cat 300.2452122 +22.6853478 18733.7 183.6069
bdf-L1-sci.00000079.cat 300.2452837 +22.6853680 18339.48 182.4853
bdf-L1-sci.00000080.cat 300.2452747 +22.6853808 19661.15 184.8621
bdf-L1-sci.00000081.cat 300.2452687 +22.6853351 20264.86 185.2372
bdf-L1-sci.00000082.cat 300.2452750 +22.6853798 19986.13 184.7712
bdf-L1-sci.00000083.cat 300.2453152 +22.6851946 19963.52 184.7434
bdf-L1-sci.00000084.cat 300.2452277 +22.6853730 20171.57 185.1155
bdf-L1-sci.00000085.cat 300.2452119 +22.6854060 20216.19 185.3471
bdf-L1-sci.00000086.cat 300.2452035 +22.6854076 20358.51 185.8403
bdf-L1-sci.00000087.cat 300.2452829 +22.6853488 20361.01 185.4195
bdf-L1-sci.00000088.cat 300.2452731 +22.6853639 20448.16 185.5317
bdf-L1-sci.00000089.cat 300.2452810 +22.6853925 20584.73 185.7443
bdf-L1-sci.00000090.cat 300.2451934 +22.6853168 20371.63 185.2801
bdf-L1-sci.00000091.cat 300.2452476 +22.6853313 20094.11 185.0417
bdf-L1-sci.00000092.cat 300.2452620 +22.6853677 19778.23 185.0572
bdf-L1-sci.00000093.cat 300.2452811 +22.6853581 19964.83 185.2942
bdf-L1-sci.00000095.cat 300.2452551 +22.6858380 19977.28 185.5618
bdf-L1-sci.00000096.cat 300.2452329 +22.6853077 19866.69 185.1464
bdf-L1-sci.00000097.cat 300.2452622 +22.6853200 19995.53 184.83
bdf-L1-sci.00000098.cat 300.2452452 +22.6853604 19760.79 184.0907
bdf-L1-sci.00000099.cat 300.2452419 +22.6853226 20196.03 184.7751
bdf-L1-sci.00000100.cat 300.2452786 +22.6853360 20096.36 184.5837
bdf-L1-sci.00000101.cat 300.2452517 +22.6853517 20547.58 185.0388
bdf-L1-sci.00000102.cat 300.2452386 +22.6853055 20195.01 185.7483
bdf-L1-sci.00000103.cat 300.2452747 +22.6853346 20178.92 185.8756
bdf-L1-sci.00000104.cat 300.2452589 +22.6853173 20287.59 185.4437
bdf-L1-sci.00000105.cat 300.2451573 +22.6853682 20068.65 184.4976
bdf-L1-sci.00000106.cat 300.2452394 +22.6853811 20349.65 184.6336
bdf-L1-sci.00000107.cat 300.2452281 +22.6853737 19943.46 184.0684
bdf-L1-sci.00000108.cat 300.2452343 +22.6857790 19819.18 184.1124
bdf-L1-sci.00000109.cat 300.2452787 +22.6854114 19924.85 184.7261
bdf-L1-sci.00000110.cat 300.2452573 +22.6853054 20557.5 184.9283
bdf-L1-sci.00000111.cat 300.2452545 +22.6857888 20143.16 184.8958
bdf-L1-sci.00000112.cat 300.2452397 +22.6853357 20023.41 184.9741
bdf-L1-sci.00000113.cat 300.2453001 +22.6853331 20238.84 185.5449
bdf-L1-sci.00000114.cat 300.2452322 +22.6853297 20355.2 185.4108
bdf-L1-sci.00000115.cat 300.2452326 +22.6853075 20381.28 185.1501
bdf-L1-sci.00000116.cat 300.2452758 +22.6853876 20068.79 184.8587
bdf-L1-sci.00000117.cat 300.2452298 +22.6853144 20195.57 185.1371
bdf-L1-sci.00000118.cat 300.2451475 +22.6857203 20170.12 184.7443
bdf-L1-sci.00000119.cat 300.2451950 +22.6852626 20141.46 185.2518
bdf-L1-sci.00000120.cat 300.2451803 +22.6853732 20147.34 185.0159
bdf-L1-sci.00000121.cat 300.2452472 +22.6853565 20165.09 184.8411
bdf-L1-sci.00000122.cat 300.2452221 +22.6854343 19872.19 184.0928
bdf-L1-sci.00000123.cat 300.2452428 +22.6853702 19958.13 183.7858
bdf-L1-sci.00000124.cat 300.2452733 +22.6854093 19881.13 183.5683
bdf-L1-sci.00000125.cat 300.2453248 +22.6853795 19748.71 183.8977
bdf-L1-sci.00000126.cat 300.2452368 +22.6853349 20379.15 184.5348
bdf-L1-sci.00000127.cat 300.2452942 +22.6853969 20245.71 184.8435
bdf-L1-sci.00000128.cat 300.2453052 +22.6853480 20598.7 185.0151
bdf-L1-sci.00000129.cat 300.2452942 +22.6853779 19925.37 184.3313
bdf-L1-sci.00000130.cat 300.2452978 +22.6853553 20557.59 184.7332
bdf-L1-sci.00000131.cat 300.2452533 +22.6853334 19752.21 183.7139
bdf-L1-sci.00000132.cat 300.2452540 +22.6853446 19864.18 184.1111
bdf-L1-sci.00000133.cat 300.2452933 +22.6852940 20139.81 184.0753
bdf-L1-sci.00000134.cat 300.2453076 +22.6854126 19900.27 183.8342
bdf-L1-sci.00000135.cat 300.2452683 +22.6853821 20354.94 184.8159
bdf-L1-sci.00000136.cat 300.2452815 +22.6854168 20059.99 184.1311
bdf-L1-sci.00000137.cat 300.2452963 +22.6853579 20052.24 183.7232
bdf-L1-sci.00000138.cat 300.2452653 +22.6854195 19811.24 184.2437
bdf-L1-sci.00000139.cat 300.2452767 +22.6853557 20031.45 184.2858
bdf-L1-sci.00000140.cat 300.2452859 +22.6853959 20054.1 184.3687
bdf-L1-sci.00000141.cat 300.2452462 +22.6853728 20362.76 184.816
bdf-L1-sci.00000142.cat 300.2451768 +22.6857826 20235.31 184.6642
bdf-L1-sci.00000143.cat 300.2452988 +22.6853798 19980.69 184.4297
bdf-L1-sci.00000144.cat 300.2452599 +22.6853302 19821.27 183.9545
bdf-L1-sci.00000145.cat 300.2451952 +22.6853563 19947.45 184.0881
bdf-L1-sci.00000146.cat 300.2453074 +22.6853836 20004.18 184.3976
bdf-L1-sci.00000147.cat 300.2453357 +22.6853651 19714.07 184.0749
bdf-L1-sci.00000148.cat 300.2452695 +22.6853229 20141.65 184.6242
bdf-L1-sci.00000149.cat 300.2452914 +22.6853408 19864.3 183.825
bdf-L1-sci.00000150.cat 300.2452617 +22.6857545 20380.49 184.2054
bdf-L1-sci.00000151.cat 300.2453009 +22.6853455 20237.57 184.18
bdf-L1-sci.00000152.cat 300.2452694 +22.6853739 19851.49 184.5192
bdf-L1-sci.00000153.cat 300.2452511 +22.6853928 19969.36 184.4664
bdf-L1-sci.00000154.cat 300.2452896 +22.6853956 19718.17 184.925
bdf-L1-sci.00000155.cat 300.2452734 +22.6853670 19956.82 184.504
bdf-L1-sci.00000156.cat 300.2452499 +22.6857641 19736.17 184.7804
bdf-L1-sci.00000157.cat 300.2452768 +22.6853419 19762.7 184.0015
bdf-L1-sci.00000158.cat 300.2453058 +22.6853089 20080.92 184.4028
bdf-L1-sci.00000159.cat 300.2452477 +22.6853646 19714.85 184.034
bdf-L1-sci.00000160.cat 300.2452112 +22.6853421 19743.5 184.488
bdf-L1-sci.00000161.cat 300.2453096 +22.6854042 20237.53 184.8954
bdf-L1-sci.00000162.cat 300.2452773 +22.6854047 19840.68 183.9354
bdf-L1-sci.00000163.cat 300.2452818 +22.6853584 19804.42 184.2372
bdf-L1-sci.00000164.cat 300.2453181 +22.6853619 19816.75 184.254
bdf-L1-sci.00000165.cat 300.2452614 +22.6857872 20105.97 184.8014
bdf-L1-sci.00000166.cat 300.2452677 +22.6853379 19698.26 183.953
bdf-L1-sci.00000167.cat 300.2452505 +22.6853357 20238.8 184.5256
bdf-L1-sci.00000168.cat 300.2452603 +22.6852682 19820.79 184.5216
bdf-L1-sci.00000169.cat 300.2452563 +22.6852993 19827.31 184.3233
bdf-L1-sci.00000170.cat 300.2452878 +22.6853584 19903.25 184.2996
bdf-L1-sci.00000171.cat 300.2452579 +22.6853744 20088.53 184.4025
bdf-L1-sci.00000172.cat 300.2451924 +22.6853412 20522.09 184.6655
bdf-L1-sci.00000173.cat 300.2452009 +22.6854536 20338.57 183.9904
bdf-L1-sci.00000174.cat 300.2452286 +22.6853282 20160.72 183.5694
bdf-L1-sci.00000175.cat 300.2452224 +22.6853165 19584.78 183.4569
bdf-L1-sci.00000176.cat 300.2452748 +22.6853552 20071.16 183.9207
bdf-L1-sci.00000177.cat 300.2452655 +22.6853185 19489.48 183.4136
bdf-L1-sci.00000178.cat 300.2452204 +22.6853284 19715.74 184.0739
bdf-L1-sci.00000179.cat 300.2452656 +22.6854137 19836.08 184.0542
bdf-L1-sci.00000180.cat 300.2452963 +22.6853700 19718.67 184.0396
bdf-L1-sci.00000181.cat 300.2452155 +22.6853970 20117 184.6514
bdf-L1-sci.00000182.cat 300.2452900 +22.6853029 19821.46 184.405
bdf-L1-sci.00000183.cat 300.2452651 +22.6857660 19986.03 184.4891
bdf-L1-sci.00000184.cat 300.2452350 +22.6852715 19872.31 184.2937
bdf-L1-sci.00000185.cat 300.2452229 +22.6853350 20210.97 184.722
bdf-L1-sci.00000186.cat 300.2452385 +22.6853212 19922.3 184.2025
bdf-L1-sci.00000187.cat 300.2452204 +22.6853602 20149.21 185.3224
bdf-L1-sci.00000188.cat 300.2453440 +22.6853768 19677.3 184.3332
bdf-L1-sci.00000189.cat 300.2452921 +22.6853576 19840.91 183.8199
bdf-L1-sci.00000190.cat 300.2452669 +22.6853684 19633.59 184.1923
bdf-L1-sci.00000191.cat 300.2452796 +22.6853709 19883.15 184.3132
bdf-L1-sci.00000192.cat 300.2452747 +22.6854127 20180.46 184.2487
bdf-L1-sci.00000193.cat 300.2452919 +22.6853563 20066.86 184.4604
bdf-L1-sci.00000194.cat 300.2452658 +22.6852555 21454.56 186.7056
bdf-L1-sci.00000195.cat 300.2452970 +22.6853710 19776.36 183.6467
bdf-L1-sci.00000196.cat 300.2452574 +22.6853868 19999.86 184.0501
bdf-L1-sci.00000198.cat 300.2452728 +22.6857630 19847.69 183.8708
bdf-L1-sci.00000199.cat 300.2451761 +22.6853886 19500.64 183.4571
bdf-L1-sci.00000200.cat 300.2452756 +22.6853933 20014.08 184.8669
bdf-L1-sci.00000201.cat 300.2452606 +22.6853468 20101.77 184.2979
bdf-L1-sci.00000202.cat 300.2452654 +22.6852689 19991.1 184.4259
bdf-L1-sci.00000203.cat 300.2451895 +22.6852702 19908.05 184.4802
bdf-L1-sci.00000204.cat 300.2452845 +22.6853274 19666.3 184.086
bdf-L1-sci.00000205.cat 300.2452421 +22.6852923 19868.08 183.8411
bdf-L1-sci.00000206.cat 300.2452483 +22.6853397 20037.65 184.9417
bdf-L1-sci.00000207.cat 300.2452718 +22.6857684 19855.41 184.171
bdf-L1-sci.00000208.cat 300.2452694 +22.6853322 20103.24 184.3558
bdf-L1-sci.00000209.cat 300.2452272 +22.6853743 20066.26 185.1347
bdf-L1-sci.00000210.cat 300.2452877 +22.6853504 19836.59 184.1919
bdf-L1-sci.00000211.cat 300.2452425 +22.6853545 19979.34 184.4622
bdf-L1-sci.00000212.cat 300.2452043 +22.6853114 19470.12 183.0601
bdf-L1-sci.00000213.cat 300.2452394 +22.6852990 19710.5 183.8715
bdf-L1-sci.00000214.cat 300.2452628 +22.6853485 19438.95 183.5244
bdf-L1-sci.00000215.cat 300.2452790 +22.6857687 19414.26 183.963
bdf-L1-sci.00000216.cat 300.2452501 +22.6853133 19949.81 185.5814
bdf-L1-sci.00000217.cat 300.2452556 +22.6857637 20239.68 185.204
bdf-L1-sci.00000218.cat 300.2451886 +22.6853795 19785.04 184.5546
bdf-L1-sci.00000219.cat 300.2452464 +22.6852762 20237.52 185.6349
bdf-L1-sci.00000220.cat 300.2452815 +22.6853280 19523.04 184.469
bdf-L1-sci.00000221.cat 300.2452790 +22.6857473 20143.8 185.3809
bdf-L1-sci.00000222.cat 300.2452099 +22.6852952 19581.63 184.2789
bdf-L1-sci.00000223.cat 300.2452552 +22.6853520 19776.6 183.6832
bdf-L1-sci.00000224.cat 300.2452730 +22.6853039 19896.26 184.1612
bdf-L1-sci.00000225.cat 300.2452816 +22.6857521 19810.29 184.3154
bdf-L1-sci.00000226.cat 300.2452276 +22.6857351 20000.28 184.4918
bdf-L1-sci.00000227.cat 300.2452937 +22.6857198 20019.55 184.4537
bdf-L1-sci.00000228.cat 300.2452437 +22.6857567 19997.99 184.1467
bdf-L1-sci.00000229.cat 300.2452717 +22.6857560 19584.93 183.9111
bdf-L1-sci.00000230.cat 300.2452533 +22.6857629 19865.86 184.1161
bdf-L1-sci.00000231.cat 300.2452539 +22.6857441 19938.75 184.1838
bdf-L1-sci.00000232.cat 300.2452722 +22.6857514 20050.85 184.6548
bdf-L1-sci.00000233.cat 300.2452576 +22.6857815 19691.01 184.5058
bdf-L1-sci.00000234.cat 300.2452629 +22.6857736 19555.09 184.0775
bdf-L1-sci.00000235.cat 300.2452796 +22.6857857 19669.23 183.9796
bdf-L1-sci.00000236.cat 300.2452788 +22.6857726 19311.2 183.429
bdf-L1-sci.00000237.cat 300.2452629 +22.6857568 20038.31 184.5667
bdf-L1-sci.00000238.cat 300.2452745 +22.6857201 19651.05 183.925
bdf-L1-sci.00000239.cat 300.2452384 +22.6857837 19655.12 184.3194
bdf-L1-sci.00000240.cat 300.2452378 +22.6857273 19916.26 184.6797
bdf-L1-sci.00000241.cat 300.2452709 +22.6858154 19840.38 187.088
bdf-L1-sci.00000242.cat 300.2452651 +22.6857904 19389.15 188.1837
bdf-L1-sci.00000243.cat 300.2452795 +22.6857578 19884.69 184.9976
bdf-L1-sci.00000244.cat 300.2452962 +22.6857732 19804.35 184.8258
bdf-L1-sci.00000245.cat 300.2452546 +22.6857960 19697.27 185.09
bdf-L1-sci.00000246.cat 300.2452570 +22.6857585 19673.97 184.5485
bdf-L1-sci.00000247.cat 300.2452581 +22.6858234 19580.95 184.4433
bdf-L1-sci.00000248.cat 300.2452561 +22.6857626 19500.37 184.0747
bdf-L1-sci.00000249.cat 300.2452962 +22.6857628 19269.89 184.2357
bdf-L1-sci.00000250.cat 300.2452558 +22.6857708 19669 183.8407
bdf-L1-sci.00000251.cat 300.2452734 +22.6857552 19797.84 184.3904
bdf-L1-sci.00000252.cat 300.2452730 +22.6857734 19483.55 183.6811
bdf-L1-sci.00000253.cat 300.2452274 +22.6853249 19620.81 184.0974
bdf-L1-sci.00000254.cat 300.2452430 +22.6853351 19925.37 184.6574
bdf-L1-sci.00000255.cat 300.2452245 +22.6853951 19860.62 184.5506
bdf-L1-sci.00000256.cat 300.2451664 +22.6857437 20107.11 185.2669
bdf-L1-sci.00000257.cat 300.2452828 +22.6853164 20068.77 184.6801
bdf-L1-sci.00000258.cat 300.2453198 +22.6853417 19915.54 185.3817
bdf-L1-sci.00000259.cat 300.2453154 +22.6852773 19505.76 184.0324
bdf-L1-sci.00000260.cat 300.2452551 +22.6853613 19934.48 184.5555
bdf-L1-sci.00000261.cat 300.2452892 +22.6853655 19796.76 184.5961
bdf-L1-sci.00000262.cat 300.2452543 +22.6853418 19783.54 184.5974
bdf-L1-sci.00000263.cat 300.2452744 +22.6857631 20060.9 184.7026
bdf-L1-sci.00000264.cat 300.2452691 +22.6857600 19827.45 184.7194
bdf-L1-sci.00000265.cat 300.2453117 +22.6852891 20036.97 184.6653
bdf-L1-sci.00000266.cat 300.2452598 +22.6857569 19676.49 184.6163
bdf-L1-sci.00000267.cat 300.2452542 +22.6857517 19866.4 184.6902
bdf-L1-sci.00000268.cat 300.2452930 +22.6852674 19654.59 184.5392
bdf-L1-sci.00000269.cat 300.2452816 +22.6853504 19662.13 185.0572
bdf-L1-sci.00000270.cat 300.2452339 +22.6857579 19791.06 184.8788
bdf-L1-sci.00000271.cat 300.2452700 +22.6853734 19871.5 185.3533
bdf-L1-sci.00000272.cat 300.2452426 +22.6858079 19715.01 184.8205
bdf-L1-sci.00000273.cat 300.2452878 +22.6853789 19451.25 184.7402
bdf-L1-sci.00000274.cat 300.2453071 +22.6857209 19872.8 185.348
bdf-L1-sci.00000275.cat 300.2452220 +22.6853014 19464.23 184.3216
bdf-L1-sci.00000276.cat 300.2453050 +22.6857376 19576.19 184.3794
bdf-L1-sci.00000277.cat 300.2452600 +22.6853254 19908.43 185.2032
bdf-L1-sci.00000278.cat 300.2452311 +22.6853034 19799.49 184.8281
bdf-L1-sci.00000279.cat 300.2452515 +22.6852795 19646.48 184.8122
bdf-L1-sci.00000280.cat 300.2452340 +22.6853480 19565.14 184.5493
bdf-L1-sci.00000281.cat 300.2452395 +22.6853692 19940.42 185.3468
bdf-L1-sci.00000282.cat 300.2452972 +22.6852944 19590 184.4921
bdf-L1-sci.00000283.cat 300.2452494 +22.6853682 19604.77 185.0682
bdf-L1-sci.00000284.cat 300.2452778 +22.6853907 19759.64 185.3212
bdf-L1-sci.00000285.cat 300.2452935 +22.6852987 19473.09 185.597
bdf-L1-sci.00000286.cat 300.2452162 +22.6857920 19521.23 185.0365
bdf-L1-sci.00000287.cat 300.2452318 +22.6853030 19519.79 185.064
bdf-L1-sci.00000288.cat 300.2451661 +22.6852289 19726.93 185.1495
bdf-L1-sci.00000289.cat 300.2452233 +22.6853341 19313.9 184.8904
bdf-L1-sci.00000290.cat 300.2453203 +22.6857226 19910 185.4042
bdf-L1-sci.00000291.cat 300.2452874 +22.6853442 19790.17 185.2342
bdf-L1-sci.00000292.cat 300.2452953 +22.6853167 19393.4 184.727
bdf-L1-sci.00000293.cat 300.2452375 +22.6853893 19610.37 185.0765
bdf-L1-sci.00000294.cat 300.2451979 +22.6853192 20038.62 185.684
bdf-L1-sci.00000295.cat 300.2452370 +22.6858078 19709.65 185.8317
bdf-L1-sci.00000296.cat 300.2452074 +22.6857406 19767.08 186.1354
bdf-L1-sci.00000297.cat 300.2452792 +22.6857800 19445.13 185.2823
bdf-L1-sci.00000298.cat 300.2452708 +22.6857568 19346.37 185.0954
bdf-L1-sci.00000299.cat 300.2452986 +22.6852839 19413.25 185.3586
bdf-L1-sci.00000300.cat 300.2453240 +22.6853088 19419.57 185.7484
bdf-L1-sci.00000301.cat 300.2452812 +22.6853580 19588.61 185.2438
bdf-L1-sci.00000302.cat 300.2452839 +22.6853303 19482.29 185.3525
bdf-L1-sci.00000303.cat 300.2452591 +22.6853281 19510.25 185.7667
bdf-L1-sci.00000304.cat 300.2452913 +22.6853402 19192.4 185.1308
bdf-L1-sci.00000305.cat 300.2452719 +22.6853367 19440.55 185.3913
bdf-L1-sci.00000306.cat 300.2452826 +22.6857805 19383.07 185.5477
bdf-L1-sci.00000307.cat 300.2451820 +22.6853501 19628.96 185.3875
bdf-L1-sci.00000308.cat 300.2452722 +22.6853313 19409.94 185.244
bdf-L1-sci.00000309.cat 300.2452100 +22.6853939 19741.63 185.8553
bdf-L1-sci.00000310.cat 300.2451991 +22.6853560 19460.14 185.3231
bdf-L1-sci.00000311.cat 300.2452739 +22.6853496 19770.84 185.6959
bdf-L1-sci.00000312.cat 300.2452041 +22.6857746 19553.61 185.873
bdf-L1-sci.00000313.cat 300.2453317 +22.6853173 19558.99 185.8091
bdf-L1-sci.00000314.cat 300.2452882 +22.6853512 19707.45 186.2874
bdf-L1-sci.00000315.cat 300.2451947 +22.6853494 19649.26 185.9827
bdf-L1-sci.00000316.cat 300.2452135 +22.6852979 19332.92 185.3985
bdf-L1-sci.00000317.cat 300.2452700 +22.6853545 19671 186.3587
bdf-L1-sci.00000318.cat 300.2452355 +22.6853243 19293.53 185.8105
bdf-L1-sci.00000319.cat 300.2452474 +22.6853206 19381.03 184.6384
bdf-L1-sci.00000320.cat 300.2453273 +22.6858199 19278.42 185.1202
bdf-L1-sci.00000321.cat 300.2452576 +22.6853468 19225.89 184.6888
bdf-L1-sci.00000322.cat 300.2451752 +22.6853133 19089.02 184.4531
bdf-L1-sci.00000323.cat 300.2452862 +22.6857545 19030.09 184.5416
bdf-L1-sci.00000324.cat 300.2452615 +22.6857937 19069.2 184.7729
bdf-L1-sci.00000325.cat 300.2452644 +22.6857339 19477.92 185.2218
bdf-L1-sci.00000326.cat 300.2452351 +22.6857794 19410.2 185.4964
bdf-L1-sci.00000327.cat 300.2452667 +22.6857615 19258.61 185.0782
bdf-L1-sci.00000328.cat 300.2453173 +22.6852697 19386.3 185.3358
bdf-L1-sci.00000329.cat 300.2452757 +22.6853179 19460.27 185.355
bdf-L1-sci.00000330.cat 300.2452664 +22.6853120 19428.82 185.2328
bdf-L1-sci.00000331.cat 300.2452815 +22.6857428 19388.54 185.4238
bdf-L1-sci.00000332.cat 300.2453504 +22.6852793 19423.9 185.8775
bdf-L1-sci.00000333.cat 300.2452783 +22.6853606 19348.8 185.9144
bdf-L1-sci.00000334.cat 300.2452738 +22.6853949 19327.88 185.6208
bdf-L1-sci.00000335.cat 300.2452245 +22.6853226 19975.1 186.3163
bdf-L1-sci.00000336.cat 300.2452726 +22.6853091 19476.7 185.8428
bdf-L1-sci.00000337.cat 300.2452843 +22.6852775 19605.23 185.8619
bdf-L1-sci.00000338.cat 300.2452340 +22.6853426 19537.71 185.7973
bdf-L1-sci.00000339.cat 300.2452350 +22.6853156 19876.37 186.5348
bdf-L1-sci.00000340.cat 300.2452611 +22.6853797 19759.08 185.8698
bdf-L1-sci.00000341.cat 300.2452910 +22.6857575 19846.91 186.0989
bdf-L1-sci.00000342.cat 300.2453160 +22.6852909 19566 185.885
bdf-L1-sci.00000343.cat 300.2452751 +22.6852411 19542.1 185.9754
bdf-L1-sci.00000344.cat 300.2452051 +22.6853354 19416.89 186.0111
bdf-L1-sci.00000345.cat 300.2451292 +22.6857095 19824.8 186.2538
bdf-L1-sci.00000346.cat 300.2452052 +22.6853570 19960.5 186.6196
bdf-L1-sci.00000347.cat 300.2452546 +22.6857615 19719.51 186.3327
bdf-L1-sci.00000348.cat 300.2453085 +22.6857360 19529.39 186.6733
bdf-L1-sci.00000349.cat 300.2452754 +22.6857324 19910.71 186.3169
bdf-L1-sci.00000350.cat 300.2453078 +22.6853824 19868.87 186.9626
bdf-L1-sci.00000351.cat 300.2452267 +22.6853773 19644.59 186.478
bdf-L1-sci.00000352.cat 300.2452959 +22.6853757 19531.4 186.2893
bdf-L1-sci.00000353.cat 300.2451410 +22.6857274 19827.29 187.172
bdf-L1-sci.00000354.cat 300.2452730 +22.6852348 19920.41 186.8309
bdf-L1-sci.00000355.cat 300.2452836 +22.6853447 19831.48 186.5103
bdf-L1-sci.00000356.cat 300.2452566 +22.6853451 19679.63 186.3459
bdf-L1-sci.00000357.cat 300.2452687 +22.6853272 19496.9 186.2385
bdf-L1-sci.00000358.cat 300.2452528 +22.6853308 19794.04 186.9407
bdf-L1-sci.00000359.cat 300.2452379 +22.6857338 19280.16 186.1288
bdf-L1-sci.00000360.cat 300.2452988 +22.6853095 19520.7 186.2814
bdf-L1-sci.00000361.cat 300.2452864 +22.6853849 19867.01 186.538
bdf-L1-sci.00000362.cat 300.2452042 +22.6858079 19745.21 186.575
bdf-L1-sci.00000363.cat 300.2451891 +22.6853452 19620.83 186.7675
bdf-L1-sci.00000364.cat 300.2452384 +22.6853161 19874.43 186.7198
bdf-L1-sci.00000365.cat 300.2452774 +22.6852868 19972.88 187.1145
bdf-L1-sci.00000366.cat 300.2452645 +22.6857722 19743.04 186.8049
bdf-L1-sci.00000367.cat 300.2452682 +22.6853506 19340.6 186.6005
bdf-L1-sci.00000368.cat 300.2452780 +22.6853467 19505.54 186.3164
bdf-L1-sci.00000369.cat 300.2450933 +22.6854403 19381.74 186.7167
bdf-L1-sci.00000370.cat 300.2452249 +22.6853456 19540.8 186.2879
bdf-L1-sci.00000371.cat 300.2453006 +22.6857403 19125.32 186.0762
bdf-L1-sci.00000372.cat 300.2452773 +22.6853750 19120.66 186.2712
bdf-L1-sci.00000373.cat 300.2452783 +22.6857598 19265.68 186.423
bdf-L1-sci.00000374.cat 300.2452750 +22.6852951 19493.59 186.7712
bdf-L1-sci.00000375.cat 300.2452486 +22.6853395 19675.92 186.6263
bdf-L1-sci.00000376.cat 300.2453247 +22.6853977 19365.59 186.4953
bdf-L1-sci.00000377.cat 300.2452316 +22.6853424 19344.73 186.213
bdf-L1-sci.00000378.cat 300.2452682 +22.6857769 19479.01 186.8407
bdf-L1-sci.00000379.cat 300.2452265 +22.6853305 19568.83 186.9014
bdf-L1-sci.00000380.cat 300.2453198 +22.6857786 19464.29 187.2801
bdf-L1-sci.00000381.cat 300.2452717 +22.6853802 19492.54 186.7972
bdf-L1-sci.00000382.cat 300.2453073 +22.6853178 19583.62 187.5012
bdf-L1-sci.00000383.cat 300.2452945 +22.6857493 19582.54 187.1985
bdf-L1-sci.00000384.cat 300.2452659 +22.6853049 19566.4 187.2449
bdf-L1-sci.00000385.cat 300.2452750 +22.6857798 19539.05 187.7006
bdf-L1-sci.00000386.cat 300.2452676 +22.6852795 19251.87 186.4596
bdf-L1-sci.00000387.cat 300.2452426 +22.6857839 19308.63 187.439
bdf-L1-sci.00000388.cat 300.2452649 +22.6853200 19444.48 187.006
bdf-L1-sci.00000389.cat 300.2452191 +22.6853856 19619.35 187.766
bdf-L1-sci.00000390.cat 300.2452776 +22.6854171 19738.76 187.6033
bdf-L1-sci.00000391.cat 300.2452452 +22.6853885 19456.11 187.2831
bdf-L1-sci.00000392.cat 300.2452629 +22.6857152 19322.81 187.0107
bdf-L1-sci.00000393.cat 300.2453207 +22.6853419 19423.08 187.3384
bdf-L1-sci.00000394.cat 300.2452976 +22.6857331 19288.26 187.2601
bdf-L1-sci.00000395.cat 300.2452564 +22.6852955 19493.33 187.5344
bdf-L1-sci.00000396.cat 300.2452510 +22.6852985 19660.57 187.4862
bdf-L1-sci.00000397.cat 300.2452923 +22.6853279 19565.83 187.2096
bdf-L1-sci.00000398.cat 300.2452905 +22.6857441 19477.24 187.4439
bdf-L1-sci.00000399.cat 300.2452200 +22.6853655 19715.83 188.5002
bdf-L1-sci.00000400.cat 300.2453209 +22.6853300 19441.75 187.4587
bdf-L1-sci.00000401.cat 300.2453363 +22.6853732 19134.84 187.1655
bdf-L1-sci.00000402.cat 300.2452285 +22.6852982 19390.56 187.1883
bdf-L1-sci.00000403.cat 300.2451994 +22.6857427 19123.6 187.5865
bdf-L1-sci.00000404.cat 300.2452830 +22.6853600 19402.52 187.1253
bdf-L1-sci.00000405.cat 300.2452822 +22.6857210 19241.6 187.6028
bdf-L1-sci.00000406.cat 300.2452740 +22.6853951 19214.01 187.5815
bdf-L1-sci.00000407.cat 300.2451955 +22.6853651 19015.65 188.9448
bdf-L1-sci.00000408.cat 300.2451951 +22.6853987 19256.29 188.4691
bdf-L1-sci.00000409.cat 300.2452755 +22.6857147 19490.1 189.1391
bdf-L1-sci.00000410.cat 300.2452623 +22.6854213 19204.2 188.5702
bdf-L1-sci.00000411.cat 300.2452861 +22.6854249 19354.49 188.5937
bdf-L1-sci.00000412.cat 300.2452199 +22.6853247 19329.54 188.4519
bdf-L1-sci.00000413.cat 300.2452286 +22.6853201 19369.3 188.6054
bdf-L1-sci.00000414.cat 300.2453061 +22.6852909 19351.87 188.5858
bdf-L1-sci.00000415.cat 300.2452346 +22.6858181 19236.89 189.001
bdf-L1-sci.00000416.cat 300.2452685 +22.6857671 19418.99 189.5777
bdf-L1-sci.00000417.cat 300.2452375 +22.6853209 19375.1 188.5143
bdf-L1-sci.00000418.cat 300.2452730 +22.6853623 18970.12 188.3016
bdf-L1-sci.00000419.cat 300.2452944 +22.6857500 19014.78 188.0417
bdf-L1-sci.00000420.cat 300.2451943 +22.6853894 19046.03 188.2746
bdf-L1-sci.00000421.cat 300.2453225 +22.6852632 17384.77 186.0775
bdf-L1-sci.00000422.cat 300.2451954 +22.6852922 18592.4 188.6433
bdf-L1-sci.00000423.cat 300.2452609 +22.6853261 18699.11 188.9002
bdf-L1-sci.00000424.cat 300.2452746 +22.6853129 18655.95 189.1728
bdf-L1-sci.00000425.cat 300.2452557 +22.6853549 18568.77 189.2206
bdf-L1-sci.00000426.cat 300.2452937 +22.6853905 18632.89 188.8302
bdf-L1-sci.00000427.cat 300.2453272 +22.6853772 18764.22 188.5505
bdf-L1-sci.00000428.cat 300.2451519 +22.6854058 18862.43 189.4964
bdf-L1-sci.00000429.cat 300.2452846 +22.6854085 19258.29 189.9132
bdf-L1-sci.00000430.cat 300.2452364 +22.6853936 19318.48 190.1273
bdf-L1-sci.00000431.cat 300.2453224 +22.6853801 19492.82 190.128
bdf-L1-sci.00000432.cat 300.2453519 +22.6853623 19084.85 189.7711
bdf-L1-sci.00000433.cat 300.2452533 +22.6854075 19070.8 189.8234
bdf-L1-sci.00000434.cat 300.2453239 +22.6853803 18880.08 189.4411
bdf-L1-sci.00000435.cat 300.2453294 +22.6853273 19310.67 189.3693
bdf-L1-sci.00000436.cat 300.2453226 +22.6853910 19687.82 188.992
bdf-L1-sci.00000437.cat 300.2452775 +22.6854375 19340.38 189.1104
bdf-L1-sci.00000438.cat 300.2451701 +22.6853667 19135.44 189.0329
bdf-L1-sci.00000439.cat 300.2453345 +22.6854190 19416.19 189.4019
bdf-L1-sci.00000440.cat 300.2452468 +22.6853660 18955.46 188.7296
bdf-L1-sci.00000441.cat 300.2452923 +22.6854010 19421.64 189.1867
bdf-L1-sci.00000442.cat 300.2452230 +22.6853868 19181.06 188.9173
bdf-L1-sci.00000443.cat 300.2452755 +22.6854054 19221.71 188.845
bdf-L1-sci.00000444.cat 300.2453186 +22.6853852 19016.12 189.2477
bdf-L1-sci.00000445.cat 300.2451844 +22.6854029 18834.65 188.8368
bdf-L1-sci.00000446.cat 300.2452779 +22.6852612 18986.77 188.7732
bdf-L1-sci.00000447.cat 300.2451017 +22.6854509 19156.32 189.3153
bdf-L1-sci.00000448.cat 300.2452594 +22.6854344 19083.76 189.114
bdf-L1-sci.00000449.cat 300.2452052 +22.6854639 18789.82 188.5437
bdf-L1-sci.00000450.cat 300.2453132 +22.6853697 18740.69 188.2655
bdf-L1-sci.00000451.cat 300.2453482 +22.6854166 18752.53 188.7808
bdf-L1-sci.00000452.cat 300.2452560 +22.6853734 18855.62 189.1584
bdf-L1-sci.00000453.cat 300.2452872 +22.6854342 19195.19 189.4913
bdf-L1-sci.00000454.cat 300.2453318 +22.6853854 18832.44 189.2344
bdf-L1-sci.00000455.cat 300.2453371 +22.6854993 18935.88 189.0284
bdf-L1-sci.00000456.cat 300.2452635 +22.6854193 18750.85 188.7753
bdf-L1-sci.00000457.cat 300.2453390 +22.6853242 19412.32 189.939
bdf-L1-sci.00000458.cat 300.2452710 +22.6853507 19480.45 190.1829
bdf-L1-sci.00000459.cat 300.2452552 +22.6854536 19143.05 189.7202
bdf-L1-sci.00000460.cat 300.2452408 +22.6853931 19087.64 190.2099
bdf-L1-sci.00000461.cat 300.2452302 +22.6853454 19209.57 190.4485
bdf-L1-sci.00000462.cat 300.2453427 +22.6854170 19249.34 190.9073
bdf-L1-sci.00000463.cat 300.2453786 +22.6853194 18668.88 190.8786
bdf-L1-sci.00000464.cat 300.2452656 +22.6857587 18760.85 190.6567
bdf-L1-sci.00000465.cat 300.2453316 +22.6854205 18608.2 190.9534
bdf-L1-sci.00000466.cat 300.2453360 +22.6853787 18653.68 190.8046
bdf-L1-sci.00000467.cat 300.2453402 +22.6853745 19137.54 191.7617
bdf-L1-sci.00000468.cat 300.2452929 +22.6853792 18778.24 191.2831
bdf-L1-sci.00000469.cat 300.2452796 +22.6852877 19013.71 192.2618
bdf-L1-sci.00000470.cat 300.2452842 +22.6853586 18937.47 191.9656
bdf-L1-sci.00000471.cat 300.2452774 +22.6853617 18569.67 192.3584
bdf-L1-sci.00000472.cat 300.2453026 +22.6853578 18567.61 191.9817
bdf-L1-sci.00000473.cat 300.2453106 +22.6853345 18201.79 191.3625
bdf-L1-sci.00000474.cat 300.2453001 +22.6853802 18587.73 192.1987
bdf-L1-sci.00000475.cat 300.2452356 +22.6853592 18000.32 191.9959
bdf-L1-sci.00000476.cat 300.2453487 +22.6854160 17817.84 191.2041
bdf-L1-sci.00000477.cat 300.2452744 +22.6853484 17894.48 192.1074
bdf-L1-sci.00000478.cat 300.2452342 +22.6854516 18024.53 191.473
bdf-L1-sci.00000479.cat 300.2453181 +22.6853463 18420.72 192.1215
bdf-L1-sci.00000480.cat 300.2452478 +22.6854351 17991.11 191.6381
bdf-L1-sci.00000481.cat 300.2452113 +22.6853950 18624.7 191.7832
bdf-L1-sci.00000482.cat 300.2453009 +22.6854384 18006.62 192.2577
bdf-L1-sci.00000483.cat 300.2452776 +22.6853612 18081.21 191.4389
bdf-L1-sci.00000484.cat 300.2453055 +22.6854273 18430.06 192.0017
bdf-L1-sci.00000485.cat 300.2451532 +22.6854767 18475.37 189.3783
bdf-L1-sci.00000486.cat 300.2452699 +22.6853739 18653.95 189.5856
bdf-L1-sci.00000487.cat 300.2453274 +22.6853684 18557.63 189.9337
bdf-L1-sci.00000488.cat 300.2452344 +22.6854376 18444.13 190.1775
bdf-L1-sci.00000489.cat 300.2453238 +22.6854003 18872.41 190.6805
bdf-L1-sci.00000490.cat 300.2452842 +22.6853769 18438.42 190.564
bdf-L1-sci.00000491.cat 300.2452509 +22.6854203 18832.56 190.5481
bdf-L1-sci.00000492.cat 300.2453132 +22.6854069 18451.08 189.6607
bdf-L1-sci.00000493.cat 300.2452963 +22.6854595 18096.17 190.0853
bdf-L1-sci.00000494.cat 300.2452833 +22.6853849 18499.5 190.1708
bdf-L1-sci.00000495.cat 300.2452579 +22.6853710 18373.93 189.7637
bdf-L1-sci.00000496.cat 300.2452732 +22.6853456 18512.14 190.7188
bdf-L1-sci.00000497.cat 300.2453003 +22.6854180 18368.53 190.6402
bdf-L1-sci.00000498.cat 300.2452869 +22.6854293 18402.74 189.9463
bdf-L1-sci.00000499.cat 300.2452500 +22.6853583 18552.8 190.961
bdf-L1-sci.00000500.cat 300.2452643 +22.6853660 18481.5 190.1984
bdf-L1-sci.00000501.cat 300.2452746 +22.6853818 18560.29 190.6388
bdf-L1-sci.00000502.cat 300.2452895 +22.6853502 18667.4 191.0371
bdf-L1-sci.00000503.cat 300.2452040 +22.6854398 18269.21 189.7935
bdf-L1-sci.00000504.cat 300.2453318 +22.6853423 18543.29 190.2346
bdf-L1-sci.00000505.cat 300.2452054 +22.6854427 18311.32 190.1842
bdf-L1-sci.00000506.cat 300.2452244 +22.6853817 18654.39 190.2041
bdf-L1-sci.00000507.cat 300.2452434 +22.6854312 18636.25 190.4631
bdf-L1-sci.00000508.cat 300.2452612 +22.6853166 18646.02 190.0812
bdf-L1-sci.00000509.cat 300.2453190 +22.6853513 18624.89 190.3489
bdf-L1-sci.00000510.cat 300.2452836 +22.6854198 18599.9 190.2008
bdf-L1-sci.00000511.cat 300.2452799 +22.6853520 18704.58 189.3052
bdf-L1-sci.00000512.cat 300.2452740 +22.6853812 19302.95 190.3175
bdf-L1-sci.00000513.cat 300.2451764 +22.6853249 18553.78 188.8743
bdf-L1-sci.00000514.cat 300.2453153 +22.6854031 18602.4 189.5505
bdf-L1-sci.00000515.cat 300.2452746 +22.6854212 18258.83 189.0632
bdf-L1-sci.00000516.cat 300.2452436 +22.6853975 18357.34 189.478
bdf-L1-sci.00000517.cat 300.2453322 +22.6853483 18268.09 189.7391
bdf-L1-sci.00000518.cat 300.2452876 +22.6854159 18062.18 189.6546
bdf-L1-sci.00000519.cat 300.2451344 +22.6853593 18619.25 190.9544
bdf-L1-sci.00000520.cat 300.2453143 +22.6853869 18235.04 190.392
bdf-L1-sci.00000521.cat 300.2452944 +22.6853953 18480.47 190.3515
bdf-L1-sci.00000522.cat 300.2451522 +22.6854588 18175.7 189.1534
bdf-L1-sci.00000523.cat 300.2452276 +22.6854204 18314.83 189.4847
bdf-L1-sci.00000524.cat 300.2454416 +22.6853660 18514.2 190.4096
bdf-L1-sci.00000525.cat 300.2453437 +22.6853131 18719.28 190.0384
bdf-L1-sci.00000526.cat 300.2452900 +22.6853028 18597.88 190.2613
bdf-L1-sci.00000527.cat 300.2453515 +22.6853367 19052.26 190.8603
bdf-L1-sci.00000528.cat 300.2453236 +22.6853693 18883.8 190.4094
bdf-L1-sci.00000529.cat 300.2453437 +22.6853811 18592.12 189.9667
bdf-L1-sci.00000530.cat 300.2453366 +22.6853500 18560.72 190.2986
bdf-L1-sci.00000531.cat 300.2453443 +22.6853485 18944.88 190.4951
bdf-L1-sci.00000532.cat 300.2452876 +22.6853502 18781.13 190.1581
bdf-L1-sci.00000533.cat 300.2452943 +22.6853553 19066.85 190.5071
bdf-L1-sci.00000534.cat 300.2453715 +22.6853745 18880.07 190.7424
bdf-L1-sci.00000535.cat 300.2453532 +22.6853553 18218.96 190.309
bdf-L1-sci.00000536.cat 300.2453385 +22.6853480 18799.98 190.7944
bdf-L1-sci.00000538.cat 300.2452500 +22.6854311 18104.51 188.9336
bdf-L1-sci.00000539.cat 300.2453280 +22.6854053 18278.15 189.2159
bdf-L1-sci.00000540.cat 300.2453216 +22.6854045 17940.46 188.5097
bdf-L1-sci.00000541.cat 300.2454659 +22.6852080 18328.02 189.173
bdf-L1-sci.00000542.cat 300.2451536 +22.6854341 18131.47 188.6473
bdf-L1-sci.00000543.cat 300.2452871 +22.6853563 18505.22 189.5367
bdf-L1-sci.00000544.cat 300.2454911 +22.6853126 18619.96 190.5764
bdf-L1-sci.00000545.cat 300.2453053 +22.6853550 18359.51 190.2867
bdf-L1-sci.00000546.cat 300.2453312 +22.6853349 12605.22 188.1387
bdf-L1-sci.00000547.cat 300.2453073 +22.6853209 8781.702 187.646
bdf-L1-sci.00000548.cat 300.2453425 +22.6853347 5746.508 182.1341
bdf-L1-sci.00000549.cat 300.2453573 +22.6854787 4568.143 181.9289
bdf-L1-sci.00000561.cat 300.2453441 +22.6853454 13051.99 189.5175
bdf-L1-sci.00000562.cat 300.2452980 +22.6853425 17873.56 189.9013
bdf-L1-sci.00000563.cat 300.2451166 +22.6853686 18510.18 190.3763
bdf-L1-sci.00000564.cat 300.2453027 +22.6853403 17648.77 189.4013
bdf-L1-sci.00000566.cat 300.2452915 +22.6853184 17627.19 189.1338
bdf-L1-sci.00000567.cat 300.2453291 +22.6853578 18358.4 189.6137
bdf-L1-sci.00000568.cat 300.2453179 +22.6853339 18001.68 189.302
bdf-L1-sci.00000569.cat 300.2452770 +22.6853162 17952.17 189.2439
bdf-L1-sci.00000570.cat 300.2452873 +22.6853549 18113.79 189.5019
bdf-L1-sci.00000571.cat 300.2452589 +22.6853533 18235.03 189.8091
bdf-L1-sci.00000572.cat 300.2453040 +22.6853395 18449.07 189.6868
bdf-L1-sci.00000573.cat 300.2453171 +22.6853419 17948.02 189.1627
bdf-L1-sci.00000574.cat 300.2453164 +22.6853195 18736.87 189.9868
bdf-L1-sci.00000575.cat 300.2453252 +22.6853239 19104.55 190.6716
bdf-L1-sci.00000576.cat 300.2453082 +22.6853599 18559.12 190.3488
bdf-L1-sci.00000577.cat 300.2452980 +22.6853098 18788.4 190.4184
bdf-L1-sci.00000578.cat 300.2453033 +22.6853054 19110.4 190.8828
bdf-L1-sci.00000579.cat 300.2453004 +22.6853525 19030.16 191.0658
bdf-L1-sci.00000580.cat 300.2453743 +22.6854207 17929.55 189.5049
bdf-L1-sci.00000581.cat 300.2453262 +22.6854040 18184.29 189.7216
bdf-L1-sci.00000582.cat 300.2452877 +22.6853296 18565.34 190.609
bdf-L1-sci.00000583.cat 300.2452484 +22.6854202 18034.28 189.5056
bdf-L1-sci.00000584.cat 300.2452416 +22.6854077 17687.51 189.3887
bdf-L1-sci.00000585.cat 300.2453040 +22.6854326 18073.65 189.7571
bdf-L1-sci.00000586.cat 300.2452499 +22.6857632 17901.34 189.3664
bdf-L1-sci.00000587.cat 300.2452861 +22.6853871 17679.48 189.2175
bdf-L1-sci.00000588.cat 300.2453154 +22.6853571 18131.84 190.1203
bdf-L1-sci.00000589.cat 300.2452988 +22.6854058 17820.1 189.5474
bdf-L1-sci.00000590.cat 300.2452562 +22.6853947 18082.08 189.9714
bdf-L1-sci.00000591.cat 300.2452874 +22.6853913 18175.92 189.9172
bdf-L1-sci.00000592.cat 300.2453149 +22.6854343 18087.42 189.8574
bdf-L1-sci.00000593.cat 300.2452459 +22.6853165 18438.43 190.527
bdf-L1-sci.00000594.cat 300.2453777 +22.6854447 18325.64 190.2984
