bdf-L1-sci.00000001.cat 300.0122362 +22.5973443 21652.9 188.0611
bdf-L1-sci.00000002.cat 300.0122302 +22.5973677 21923.66 187.9258
bdf-L1-sci.00000003.cat 300.0122293 +22.5973570 21572.84 187.1459
bdf-L1-sci.00000004.cat 300.0121587 +22.5973485 21560.82 187.5096
bdf-L1-sci.00000005.cat 300.0122083 +22.5973896 21859.84 188.0264
bdf-L1-sci.00000006.cat 300.0121935 +22.5973837 21894.73 188.3578
bdf-L1-sci.00000007.cat 300.0122144 +22.5973908 21731.79 188.6331
bdf-L1-sci.00000008.cat 300.0122484 +22.5974062 21490.91 188.5737
bdf-L1-sci.00000009.cat 300.0122332 +22.5974718 21544.1 188.7037
bdf-L1-sci.00000010.cat 300.0122245 +22.5974689 21671.26 188.8214
bdf-L1-sci.00000011.cat 300.0123961 +22.5975022 21526.26 189.0692
bdf-L1-sci.00000012.cat 300.0122203 +22.5974493 21699.93 188.4059
bdf-L1-sci.00000013.cat 300.0121779 +22.5974319 21799.5 188.3489
bdf-L1-sci.00000014.cat 300.0122195 +22.5974813 21520.53 187.5624
bdf-L1-sci.00000015.cat 300.0122642 +22.5974782 21723.48 189.2984
bdf-L1-sci.00000016.cat 300.0122441 +22.5973869 21556.81 189.4069
bdf-L1-sci.00000017.cat 300.0122392 +22.5974822 21559.1 189.03
bdf-L1-sci.00000018.cat 300.0122191 +22.5974354 21496.67 187.8502
bdf-L1-sci.00000019.cat 300.0123067 +22.5975326 21416.08 186.8077
bdf-L1-sci.00000020.cat 300.0122536 +22.5974742 21466.21 186.4116
bdf-L1-sci.00000021.cat 300.0122675 +22.5974479 21380.82 187.6992
bdf-L1-sci.00000022.cat 300.0122508 +22.5974221 21402.54 186.5462
bdf-L1-sci.00000023.cat 300.0122865 +22.5974151 21583.36 187.5255
bdf-L1-sci.00000024.cat 300.0121283 +22.5970706 21299.51 187.4744
bdf-L1-sci.00000025.cat 300.0122688 +22.5974938 21728.15 187.6492
bdf-L1-sci.00000026.cat 300.0122321 +22.5974305 21559.23 187.5754
bdf-L1-sci.00000027.cat 300.0117803 +22.5975247 21553.39 187.9465
bdf-L1-sci.00000028.cat 300.0122269 +22.5974646 21665.7 187.798
bdf-L1-sci.00000029.cat 300.0122868 +22.5973893 21503.35 187.7456
bdf-L1-sci.00000030.cat 300.0122372 +22.5974205 21623.23 187.9997
bdf-L1-sci.00000031.cat 300.0122102 +22.5974526 21068.42 187.6651
bdf-L1-sci.00000032.cat 300.0123100 +22.5974333 21045.66 186.9566
bdf-L1-sci.00000033.cat 300.0122405 +22.5974800 21728.95 188.3903
bdf-L1-sci.00000034.cat 300.0122476 +22.5974388 21587.06 187.5105
bdf-L1-sci.00000035.cat 300.0122191 +22.5974878 21383.31 187.268
bdf-L1-sci.00000036.cat 300.0122096 +22.5974334 21641.56 188.0289
bdf-L1-sci.00000037.cat 300.0122718 +22.5973915 21280.27 187.4588
bdf-L1-sci.00000038.cat 300.0122344 +22.5974698 21799.37 187.9941
bdf-L1-sci.00000039.cat 300.0122016 +22.5974093 21745.09 187.8116
bdf-L1-sci.00000040.cat 300.0122407 +22.5973927 21878.75 188.4211
bdf-L1-sci.00000041.cat 300.0122304 +22.5974375 21776.11 187.4901
bdf-L1-sci.00000042.cat 300.0122342 +22.5974312 22043.31 188.1007
bdf-L1-sci.00000043.cat 300.0122318 +22.5974409 21502.72 187.3208
bdf-L1-sci.00000044.cat 300.0122720 +22.5974209 21679.29 187.6431
bdf-L1-sci.00000045.cat 300.0122420 +22.5973880 21562.82 187.1543
bdf-L1-sci.00000046.cat 300.0122756 +22.5973888 21625.54 187.7784
bdf-L1-sci.00000047.cat 300.0122173 +22.5974028 21739.11 187.509
bdf-L1-sci.00000048.cat 300.0122509 +22.5974205 21698.03 187.7381
bdf-L1-sci.00000049.cat 300.0122353 +22.5974279 21597.4 187.8025
bdf-L1-sci.00000050.cat 300.0121881 +22.5974596 21918.15 188.3663
bdf-L1-sci.00000051.cat 300.0122772 +22.5974441 21881.73 187.853
bdf-L1-sci.00000052.cat 300.0122008 +22.5974025 21590.1 187.3724
bdf-L1-sci.00000053.cat 300.0122267 +22.5974423 21820.33 188.0058
bdf-L1-sci.00000054.cat 300.0121823 +22.5973747 21433.16 187.2778
bdf-L1-sci.00000055.cat 300.0122310 +22.5973903 21429.13 187.2513
bdf-L1-sci.00000056.cat 300.0122467 +22.5974698 21306.08 187.743
bdf-L1-sci.00000057.cat 300.0122240 +22.5973538 21721.53 187.8565
bdf-L1-sci.00000058.cat 300.0122295 +22.5974346 21525.68 187.724
bdf-L1-sci.00000059.cat 300.0122345 +22.5973909 21705.18 188.0449
bdf-L1-sci.00000060.cat 300.0121731 +22.5974047 21676.34 187.2608
bdf-L1-sci.00000061.cat 300.0122747 +22.5974039 22093.01 187.9651
bdf-L1-sci.00000062.cat 300.0122493 +22.5974152 21544.5 187.1736
bdf-L1-sci.00000064.cat 300.0122210 +22.5973844 21729.62 187.9653
bdf-L1-sci.00000065.cat 300.0122176 +22.5974432 21714.15 189.8264
bdf-L1-sci.00000066.cat 300.0122267 +22.5973776 21450 188.085
bdf-L1-sci.00000067.cat 300.0122336 +22.5974405 21675.5 187.6492
bdf-L1-sci.00000068.cat 300.0123002 +22.5974480 21594.51 187.6002
bdf-L1-sci.00000069.cat 300.0121855 +22.5974694 21584.71 187.6022
bdf-L1-sci.00000070.cat 300.0122063 +22.5973940 21820.15 187.5931
bdf-L1-sci.00000071.cat 300.0122259 +22.5974045 21814.97 187.927
bdf-L1-sci.00000072.cat 300.0122536 +22.5973919 21542.31 187.6428
bdf-L1-sci.00000073.cat 300.0122217 +22.5974359 21686.2 187.2386
bdf-L1-sci.00000074.cat 300.0122351 +22.5974537 21449.5 187.0278
bdf-L1-sci.00000075.cat 300.0122273 +22.5974223 21684.45 187.6547
bdf-L1-sci.00000076.cat 300.0122853 +22.5974436 21660.98 186.9642
bdf-L1-sci.00000077.cat 300.0122584 +22.5974903 21548.41 186.9973
bdf-L1-sci.00000078.cat 300.0122420 +22.5974440 21573.37 187.3857
bdf-L1-sci.00000079.cat 300.0122617 +22.5974650 21525.25 186.8463
bdf-L1-sci.00000080.cat 300.0122392 +22.5974491 21647.06 187.5558
bdf-L1-sci.00000081.cat 300.0122389 +22.5974383 21972.74 187.5959
bdf-L1-sci.00000082.cat 300.0122755 +22.5974514 21484.28 186.7873
bdf-L1-sci.00000083.cat 300.0122803 +22.5972893 21412 186.7272
bdf-L1-sci.00000084.cat 300.0121911 +22.5974502 21569.06 186.9865
bdf-L1-sci.00000085.cat 300.0122576 +22.5974643 21716.02 187.4068
bdf-L1-sci.00000086.cat 300.0122447 +22.5975024 21563.05 187.4879
bdf-L1-sci.00000087.cat 300.0122620 +22.5974552 21618.09 187.1271
bdf-L1-sci.00000088.cat 300.0122371 +22.5974270 21746.6 187.3071
bdf-L1-sci.00000089.cat 300.0122591 +22.5974660 21507.84 187.0167
bdf-L1-sci.00000090.cat 300.0122440 +22.5974362 21366.05 186.6239
bdf-L1-sci.00000091.cat 300.0122420 +22.5974426 21289.95 186.6299
bdf-L1-sci.00000092.cat 300.0122352 +22.5974738 21341.68 187.3151
bdf-L1-sci.00000093.cat 300.0122311 +22.5974415 21083.58 186.7907
bdf-L1-sci.00000095.cat 300.0121830 +22.5981518 21544.7 187.648
bdf-L1-sci.00000096.cat 300.0122550 +22.5974208 21583.8 187.4096
bdf-L1-sci.00000097.cat 300.0122293 +22.5974579 21601.54 186.9693
bdf-L1-sci.00000098.cat 300.0122084 +22.5974213 21678.38 186.6631
bdf-L1-sci.00000099.cat 300.0122372 +22.5974233 21616.52 186.6533
bdf-L1-sci.00000100.cat 300.0122160 +22.5974394 21529.19 186.4465
bdf-L1-sci.00000101.cat 300.0122335 +22.5974372 21105.28 185.7364
bdf-L1-sci.00000102.cat 300.0122342 +22.5974276 21085.65 186.9363
bdf-L1-sci.00000103.cat 300.0122192 +22.5974297 21361.29 187.514
bdf-L1-sci.00000104.cat 300.0122334 +22.5973945 21471.33 187.142
bdf-L1-sci.00000105.cat 300.0122114 +22.5974361 21636.46 186.6776
bdf-L1-sci.00000106.cat 300.0122691 +22.5974526 21311.13 185.8564
bdf-L1-sci.00000107.cat 300.0122197 +22.5974300 20879.13 185.1991
bdf-L1-sci.00000108.cat 300.0122012 +22.5980890 21446.63 186.3499
bdf-L1-sci.00000109.cat 300.0122690 +22.5974660 21535.42 186.8863
bdf-L1-sci.00000110.cat 300.0122500 +22.5974597 21592.6 186.2953
bdf-L1-sci.00000111.cat 300.0122118 +22.5981238 21926.25 187.3183
bdf-L1-sci.00000112.cat 300.0122519 +22.5974321 21704.81 187.226
bdf-L1-sci.00000113.cat 300.0122071 +22.5974284 21801.64 187.6252
bdf-L1-sci.00000114.cat 300.0122584 +22.5974448 21499.29 186.9335
bdf-L1-sci.00000115.cat 300.0122317 +22.5974168 21299.13 186.3378
bdf-L1-sci.00000116.cat 300.0122435 +22.5974197 21183.1 186.3596
bdf-L1-sci.00000117.cat 300.0121862 +22.5974163 21910.44 187.4589
bdf-L1-sci.00000118.cat 300.0121530 +22.5980812 21131.91 186.1298
bdf-L1-sci.00000119.cat 300.0122678 +22.5974190 20303.82 185.4983
bdf-L1-sci.00000120.cat 300.0122529 +22.5974449 21690.11 187.0821
bdf-L1-sci.00000121.cat 300.0122386 +22.5974513 21673.73 186.884
bdf-L1-sci.00000122.cat 300.0122268 +22.5974981 21700.38 186.613
bdf-L1-sci.00000123.cat 300.0122764 +22.5974516 21553.55 185.9433
bdf-L1-sci.00000124.cat 300.0122318 +22.5974482 21265.04 185.5176
bdf-L1-sci.00000125.cat 300.0122263 +22.5974485 21399.49 186.2367
bdf-L1-sci.00000126.cat 300.0122585 +22.5974465 21349.33 185.9325
bdf-L1-sci.00000127.cat 300.0123182 +22.5974695 20887.38 185.5322
bdf-L1-sci.00000128.cat 300.0122772 +22.5974386 21235.9 185.9691
bdf-L1-sci.00000129.cat 300.0122472 +22.5974460 21568.71 186.54
bdf-L1-sci.00000130.cat 300.0122775 +22.5974677 21283.86 185.7337
bdf-L1-sci.00000131.cat 300.0122195 +22.5974401 21574.67 186.1032
bdf-L1-sci.00000132.cat 300.0122109 +22.5974353 21515.5 186.3128
bdf-L1-sci.00000133.cat 300.0122183 +22.5974319 21402.4 185.7417
bdf-L1-sci.00000134.cat 300.0122111 +22.5974732 21543.96 186.0898
bdf-L1-sci.00000135.cat 300.0122323 +22.5974653 21409.43 186.2166
bdf-L1-sci.00000136.cat 300.0122249 +22.5974547 21479.39 186.055
bdf-L1-sci.00000137.cat 300.0122491 +22.5974679 21725.85 186.0336
bdf-L1-sci.00000138.cat 300.0122209 +22.5974561 21287.26 186.1406
bdf-L1-sci.00000139.cat 300.0122267 +22.5974165 21457.63 186.1699
bdf-L1-sci.00000140.cat 300.0122517 +22.5974667 21740 186.6543
bdf-L1-sci.00000141.cat 300.0122675 +22.5974827 21514.04 186.3465
bdf-L1-sci.00000142.cat 300.0121817 +22.5981162 21226 186.0073
bdf-L1-sci.00000143.cat 300.0122458 +22.5974174 21482.4 186.3593
bdf-L1-sci.00000144.cat 300.0122514 +22.5973992 21201.83 185.7873
bdf-L1-sci.00000145.cat 300.0122173 +22.5974549 21303.22 185.9202
bdf-L1-sci.00000146.cat 300.0122718 +22.5974745 21591.18 186.5368
bdf-L1-sci.00000147.cat 300.0122839 +22.5974781 21593.4 186.603
bdf-L1-sci.00000148.cat 300.0122175 +22.5974070 21378.13 186.3249
bdf-L1-sci.00000149.cat 300.0122273 +22.5974299 21563.34 186.1618
bdf-L1-sci.00000150.cat 300.0122136 +22.5981070 21472.79 185.6617
bdf-L1-sci.00000151.cat 300.0122663 +22.5974414 21354.78 185.5622
bdf-L1-sci.00000152.cat 300.0122508 +22.5974766 21770.55 186.9859
bdf-L1-sci.00000153.cat 300.0122454 +22.5974807 21085.24 185.9454
bdf-L1-sci.00000154.cat 300.0122349 +22.5974751 21588.46 187.4706
bdf-L1-sci.00000155.cat 300.0122396 +22.5974814 21227.17 186.2174
bdf-L1-sci.00000156.cat 300.0122057 +22.5980077 21407.63 187.0213
bdf-L1-sci.00000157.cat 300.0122157 +22.5974577 21457.41 186.2966
bdf-L1-sci.00000158.cat 300.0122470 +22.5974512 21459.8 186.2899
bdf-L1-sci.00000159.cat 300.0122334 +22.5975158 21510.42 186.4234
bdf-L1-sci.00000160.cat 300.0122192 +22.5974381 21572.04 186.9835
bdf-L1-sci.00000161.cat 300.0122629 +22.5974343 21243.05 186.25
bdf-L1-sci.00000162.cat 300.0122172 +22.5974888 21365.94 186.0105
bdf-L1-sci.00000163.cat 300.0122591 +22.5974759 21371 186.3983
bdf-L1-sci.00000164.cat 300.0123275 +22.5974727 21212.11 186.1036
bdf-L1-sci.00000165.cat 300.0121770 +22.5981260 21294.15 186.4018
bdf-L1-sci.00000166.cat 300.0122115 +22.5974496 21470.17 186.3727
bdf-L1-sci.00000167.cat 300.0122250 +22.5974317 21271.64 185.9197
bdf-L1-sci.00000168.cat 300.0122218 +22.5974303 21113.45 186.2375
bdf-L1-sci.00000169.cat 300.0121814 +22.5974316 20662.94 185.4395
bdf-L1-sci.00000170.cat 300.0122277 +22.5974252 21208.58 186.1093
bdf-L1-sci.00000171.cat 300.0122084 +22.5974234 21222.05 185.9532
bdf-L1-sci.00000172.cat 300.0122119 +22.5974418 21354.54 185.789
bdf-L1-sci.00000173.cat 300.0121946 +22.5974739 21515.28 185.5757
bdf-L1-sci.00000174.cat 300.0122123 +22.5974566 21311.64 185.1839
bdf-L1-sci.00000175.cat 300.0122443 +22.5974089 21446.03 185.9894
bdf-L1-sci.00000176.cat 300.0122770 +22.5974487 21561.54 185.9625
bdf-L1-sci.00000177.cat 300.0121559 +22.5974522 21248.43 185.7754
bdf-L1-sci.00000178.cat 300.0122097 +22.5974251 21498.42 186.4115
bdf-L1-sci.00000179.cat 300.0122285 +22.5974075 21677.46 186.5521
bdf-L1-sci.00000180.cat 300.0122868 +22.5974449 21297.15 186.1579
bdf-L1-sci.00000181.cat 300.0122719 +22.5974793 21225.62 186.1192
bdf-L1-sci.00000182.cat 300.0122556 +22.5974198 21402.81 186.5433
bdf-L1-sci.00000183.cat 300.0122389 +22.5980957 21374.65 186.3613
bdf-L1-sci.00000184.cat 300.0121963 +22.5973926 21587.57 186.6127
bdf-L1-sci.00000185.cat 300.0121724 +22.5974117 21391.29 186.299
bdf-L1-sci.00000186.cat 300.0122166 +22.5974178 21103.97 185.8197
bdf-L1-sci.00000187.cat 300.0121860 +22.5974522 21224.43 186.7605
bdf-L1-sci.00000188.cat 300.0122897 +22.5974668 21374.81 186.6416
bdf-L1-sci.00000189.cat 300.0122422 +22.5974439 21407.03 185.958
bdf-L1-sci.00000190.cat 300.0122008 +22.5974334 21394.87 186.5268
bdf-L1-sci.00000191.cat 300.0122248 +22.5974486 21279.52 186.2316
bdf-L1-sci.00000192.cat 300.0121856 +22.5974636 21500.92 185.9846
bdf-L1-sci.00000193.cat 300.0122544 +22.5974634 21252.12 186.1141
bdf-L1-sci.00000194.cat 300.0122545 +22.5974039 21157.4 186.3891
bdf-L1-sci.00000195.cat 300.0122143 +22.5974575 21147.42 185.4767
bdf-L1-sci.00000196.cat 300.0122226 +22.5974607 21147.33 185.6834
bdf-L1-sci.00000198.cat 300.0122098 +22.5980930 21484.97 186.1309
bdf-L1-sci.00000199.cat 300.0121938 +22.5974380 21284.39 185.8314
bdf-L1-sci.00000200.cat 300.0122424 +22.5974610 21133.69 186.4294
bdf-L1-sci.00000201.cat 300.0122408 +22.5974372 21156.54 185.7842
bdf-L1-sci.00000202.cat 300.0122196 +22.5974170 21586.83 186.563
bdf-L1-sci.00000203.cat 300.0121767 +22.5974156 21074.65 186.0748
bdf-L1-sci.00000204.cat 300.0122107 +22.5973809 21189.58 186.1296
bdf-L1-sci.00000205.cat 300.0122169 +22.5974119 21368.67 185.8637
bdf-L1-sci.00000206.cat 300.0122074 +22.5974234 21368.18 186.6908
bdf-L1-sci.00000207.cat 300.0122020 +22.5980689 21334.93 186.0397
bdf-L1-sci.00000208.cat 300.0122131 +22.5974363 21517.14 186.2497
bdf-L1-sci.00000209.cat 300.0121652 +22.5974139 21042.18 186.4273
bdf-L1-sci.00000210.cat 300.0121886 +22.5973931 21141.21 185.9542
bdf-L1-sci.00000211.cat 300.0121939 +22.5974115 21192.85 186.086
bdf-L1-sci.00000212.cat 300.0122053 +22.5974277 21462.2 185.7607
bdf-L1-sci.00000213.cat 300.0122334 +22.5974178 21301.86 186.0632
bdf-L1-sci.00000214.cat 300.0122400 +22.5974390 21171.51 185.856
bdf-L1-sci.00000215.cat 300.0121722 +22.5980281 21127.9 186.2772
bdf-L1-sci.00000216.cat 300.0122332 +22.5974331 21271.37 187.3189
bdf-L1-sci.00000217.cat 300.0121904 +22.5980685 21340.58 186.6637
bdf-L1-sci.00000218.cat 300.0122127 +22.5974163 21246.65 186.5172
bdf-L1-sci.00000219.cat 300.0121994 +22.5973913 21367.36 187.1572
bdf-L1-sci.00000220.cat 300.0122051 +22.5973898 21225.74 186.7623
bdf-L1-sci.00000221.cat 300.0122142 +22.5980738 21308.49 186.9518
bdf-L1-sci.00000222.cat 300.0122202 +22.5974553 21319.48 186.7034
bdf-L1-sci.00000223.cat 300.0121883 +22.5974197 21211.46 185.5785
bdf-L1-sci.00000224.cat 300.0121817 +22.5974007 20665.4 185.1751
bdf-L1-sci.00000225.cat 300.0121591 +22.5980447 20212.07 184.8733
bdf-L1-sci.00000226.cat 300.0121534 +22.5980374 20873.9 185.6582
bdf-L1-sci.00000227.cat 300.0122358 +22.5980322 21011.99 185.7328
bdf-L1-sci.00000228.cat 300.0121633 +22.5980942 21195.13 185.7987
bdf-L1-sci.00000229.cat 300.0121910 +22.5980511 21167.41 186.0294
bdf-L1-sci.00000230.cat 300.0121960 +22.5980787 21121.1 185.8194
bdf-L1-sci.00000231.cat 300.0121829 +22.5980881 20774.87 185.3152
bdf-L1-sci.00000232.cat 300.0121840 +22.5980656 20998.4 185.9604
bdf-L1-sci.00000233.cat 300.0121994 +22.5980881 20813.53 185.9316
bdf-L1-sci.00000234.cat 300.0121885 +22.5980752 20777.9 185.724
bdf-L1-sci.00000235.cat 300.0121971 +22.5981352 21359.9 186.2561
bdf-L1-sci.00000236.cat 300.0121884 +22.5980161 20940.37 185.6429
bdf-L1-sci.00000237.cat 300.0121905 +22.5981041 21296.74 186.1277
bdf-L1-sci.00000238.cat 300.0122060 +22.5980440 21082.8 185.8541
bdf-L1-sci.00000239.cat 300.0122032 +22.5981184 21349.68 186.6309
bdf-L1-sci.00000240.cat 300.0121704 +22.5980491 20710.82 185.7795
bdf-L1-sci.00000241.cat 300.0121892 +22.5981359 21319.24 189.0329
bdf-L1-sci.00000242.cat 300.0121598 +22.5980760 20722.95 189.9331
bdf-L1-sci.00000243.cat 300.0121831 +22.5980140 20996.95 186.4603
bdf-L1-sci.00000244.cat 300.0121943 +22.5980719 21192.61 186.6873
bdf-L1-sci.00000245.cat 300.0122159 +22.5981314 21190.22 187.0888
bdf-L1-sci.00000246.cat 300.0121857 +22.5980476 20588.27 185.8103
bdf-L1-sci.00000247.cat 300.0121734 +22.5981060 20874.73 186.1819
bdf-L1-sci.00000248.cat 300.0121770 +22.5980458 20851.42 185.8459
bdf-L1-sci.00000249.cat 300.0121879 +22.5980990 20689.53 186.1316
bdf-L1-sci.00000250.cat 300.0121617 +22.5980727 21260.3 186.026
bdf-L1-sci.00000251.cat 300.0121489 +22.5980686 21082.54 186.1173
bdf-L1-sci.00000252.cat 300.0122072 +22.5980732 21092.69 185.9672
bdf-L1-sci.00000253.cat 300.0121712 +22.5973605 21099.99 186.068
bdf-L1-sci.00000254.cat 300.0121420 +22.5973751 20861.05 185.9062
bdf-L1-sci.00000255.cat 300.0121535 +22.5973868 21216.87 186.3719
bdf-L1-sci.00000256.cat 300.0120880 +22.5980638 21277.33 186.7847
bdf-L1-sci.00000257.cat 300.0122271 +22.5973798 20782.21 185.6502
bdf-L1-sci.00000258.cat 300.0122695 +22.5974469 21285.99 187.2345
bdf-L1-sci.00000259.cat 300.0121776 +22.5973758 21466.89 186.6639
bdf-L1-sci.00000260.cat 300.0121260 +22.5973680 20838.56 185.783
bdf-L1-sci.00000261.cat 300.0121219 +22.5974061 21232.33 186.5848
bdf-L1-sci.00000262.cat 300.0121878 +22.5973778 21125.16 186.4055
bdf-L1-sci.00000263.cat 300.0121619 +22.5980650 20915.08 185.8483
bdf-L1-sci.00000264.cat 300.0121626 +22.5980579 21029.25 186.3115
bdf-L1-sci.00000265.cat 300.0121412 +22.5973951 21018.6 186.0441
bdf-L1-sci.00000266.cat 300.0121281 +22.5980534 21082.55 186.5448
bdf-L1-sci.00000267.cat 300.0121626 +22.5980675 21126.79 186.5046
bdf-L1-sci.00000268.cat 300.0121733 +22.5973814 20712.48 185.9462
bdf-L1-sci.00000269.cat 300.0122197 +22.5974091 20913.99 186.727
bdf-L1-sci.00000270.cat 300.0121682 +22.5980484 20986.83 186.482
bdf-L1-sci.00000271.cat 300.0121647 +22.5973997 21094.2 187.0021
bdf-L1-sci.00000272.cat 300.0121380 +22.5980804 21304.27 186.8894
bdf-L1-sci.00000273.cat 300.0121438 +22.5974002 21205.35 187.1263
bdf-L1-sci.00000274.cat 300.0122400 +22.5980270 21142.61 186.9842
bdf-L1-sci.00000275.cat 300.0121652 +22.5973947 21060.21 186.46
bdf-L1-sci.00000276.cat 300.0121766 +22.5980623 20492.71 185.5974
bdf-L1-sci.00000277.cat 300.0121559 +22.5974110 20642.25 186.1842
bdf-L1-sci.00000278.cat 300.0121632 +22.5973660 21131.95 186.5875
bdf-L1-sci.00000279.cat 300.0121530 +22.5973633 20965.68 186.5402
bdf-L1-sci.00000280.cat 300.0121216 +22.5974398 20804.12 186.2064
bdf-L1-sci.00000281.cat 300.0121403 +22.5973771 20575.91 186.1813
bdf-L1-sci.00000282.cat 300.0121522 +22.5973961 21211.76 186.6905
bdf-L1-sci.00000283.cat 300.0121476 +22.5973850 21176.05 187.2199
bdf-L1-sci.00000284.cat 300.0121336 +22.5974056 21282.1 187.3363
bdf-L1-sci.00000285.cat 300.0121259 +22.5974049 20780.8 187.1767
bdf-L1-sci.00000286.cat 300.0121530 +22.5981137 21094.82 187.1574
bdf-L1-sci.00000287.cat 300.0121664 +22.5973640 21055.25 187.1267
bdf-L1-sci.00000288.cat 300.0121111 +22.5973493 21153.49 187.0452
bdf-L1-sci.00000289.cat 300.0121499 +22.5973555 21240.77 187.4777
bdf-L1-sci.00000290.cat 300.0121824 +22.5980125 20670.47 186.4268
bdf-L1-sci.00000291.cat 300.0121957 +22.5973544 20897.62 186.778
bdf-L1-sci.00000292.cat 300.0122194 +22.5973606 20989.57 186.9159
bdf-L1-sci.00000293.cat 300.0121856 +22.5973657 21040.28 186.9293
bdf-L1-sci.00000294.cat 300.0121996 +22.5973993 21100.34 187.1424
bdf-L1-sci.00000295.cat 300.0121476 +22.5980726 20778.93 187.3549
bdf-L1-sci.00000296.cat 300.0121570 +22.5980481 20872.19 187.6069
bdf-L1-sci.00000297.cat 300.0121889 +22.5980547 20746.43 187.0437
bdf-L1-sci.00000298.cat 300.0121662 +22.5980333 20830.23 187.0474
bdf-L1-sci.00000299.cat 300.0121753 +22.5973390 20891.04 187.3965
bdf-L1-sci.00000300.cat 300.0121360 +22.5973744 20611.79 187.2835
bdf-L1-sci.00000301.cat 300.0121870 +22.5974030 21132.37 187.3501
bdf-L1-sci.00000302.cat 300.0121415 +22.5973635 20967.02 187.3513
bdf-L1-sci.00000303.cat 300.0121460 +22.5974015 21183.72 187.9846
bdf-L1-sci.00000304.cat 300.0121558 +22.5973750 20778.22 187.3155
bdf-L1-sci.00000305.cat 300.0121483 +22.5973866 20653.07 186.9984
bdf-L1-sci.00000306.cat 300.0121472 +22.5981029 20933.49 187.5765
bdf-L1-sci.00000307.cat 300.0121559 +22.5973600 21040.39 187.2674
bdf-L1-sci.00000308.cat 300.0122023 +22.5974103 20731.35 187.0882
bdf-L1-sci.00000309.cat 300.0121078 +22.5973824 20997.22 187.4675
bdf-L1-sci.00000310.cat 300.0121693 +22.5974084 20940.52 187.3302
bdf-L1-sci.00000311.cat 300.0122249 +22.5973535 21062.57 187.3785
bdf-L1-sci.00000312.cat 300.0120834 +22.5980632 20838.47 187.5793
bdf-L1-sci.00000313.cat 300.0121787 +22.5973968 20996.77 187.796
bdf-L1-sci.00000314.cat 300.0121445 +22.5973986 20720.98 187.6008
bdf-L1-sci.00000315.cat 300.0121741 +22.5974037 20749.3 187.4417
bdf-L1-sci.00000316.cat 300.0121872 +22.5973565 21039.88 187.6931
bdf-L1-sci.00000317.cat 300.0121135 +22.5973266 20962.7 188.0905
bdf-L1-sci.00000318.cat 300.0121259 +22.5973087 21005.83 188.0933
bdf-L1-sci.00000319.cat 300.0121239 +22.5973740 20559.75 186.421
bdf-L1-sci.00000320.cat 300.0121906 +22.5980875 20992.74 187.4072
bdf-L1-sci.00000321.cat 300.0121730 +22.5973954 20706.55 186.7169
bdf-L1-sci.00000322.cat 300.0121800 +22.5973817 20685.7 186.6737
bdf-L1-sci.00000323.cat 300.0121487 +22.5980562 21053.6 187.2352
bdf-L1-sci.00000324.cat 300.0121462 +22.5980730 20997.54 187.3777
bdf-L1-sci.00000325.cat 300.0121364 +22.5980229 21001.63 187.2671
bdf-L1-sci.00000326.cat 300.0120907 +22.5980456 20617.82 187.1725
bdf-L1-sci.00000327.cat 300.0121146 +22.5980304 21375.41 187.8399
bdf-L1-sci.00000328.cat 300.0121414 +22.5973231 20804.27 187.2249
bdf-L1-sci.00000329.cat 300.0120687 +22.5973623 20725.15 187.0464
bdf-L1-sci.00000330.cat 300.0121282 +22.5973493 20987.02 187.3655
bdf-L1-sci.00000331.cat 300.0121300 +22.5980206 20522.85 186.9886
bdf-L1-sci.00000332.cat 300.0121128 +22.5973360 20052.09 186.6295
bdf-L1-sci.00000333.cat 300.0121376 +22.5973246 20842.17 187.8978
bdf-L1-sci.00000334.cat 300.0121158 +22.5973685 20935.91 187.8505
bdf-L1-sci.00000335.cat 300.0121300 +22.5973866 20701.17 187.3089
bdf-L1-sci.00000336.cat 300.0120694 +22.5973524 20582.41 187.2408
bdf-L1-sci.00000337.cat 300.0121292 +22.5973655 20824.34 187.5153
bdf-L1-sci.00000338.cat 300.0120581 +22.5973960 20947.31 187.7956
bdf-L1-sci.00000339.cat 300.0121051 +22.5973570 20930.12 187.9
bdf-L1-sci.00000340.cat 300.0121075 +22.5973503 21050.39 187.5916
bdf-L1-sci.00000341.cat 300.0121371 +22.5980425 20990.06 187.6768
bdf-L1-sci.00000342.cat 300.0121612 +22.5973266 20678.63 187.3615
bdf-L1-sci.00000343.cat 300.0121987 +22.5973006 21047.53 188.0369
bdf-L1-sci.00000344.cat 300.0121397 +22.5973540 21048.03 188.1418
bdf-L1-sci.00000345.cat 300.0121045 +22.5980584 20863.1 187.6423
bdf-L1-sci.00000346.cat 300.0121475 +22.5973891 21070.65 188.1079
bdf-L1-sci.00000347.cat 300.0121476 +22.5980313 20909.04 187.9219
bdf-L1-sci.00000348.cat 300.0121960 +22.5980009 20801.68 188.3345
bdf-L1-sci.00000349.cat 300.0121815 +22.5980121 20873.57 187.6252
bdf-L1-sci.00000350.cat 300.0121349 +22.5973415 21020.31 188.517
bdf-L1-sci.00000351.cat 300.0121968 +22.5973964 21301.23 188.7276
bdf-L1-sci.00000352.cat 300.0121275 +22.5973502 20868.31 188.019
bdf-L1-sci.00000353.cat 300.0121182 +22.5980102 21044.62 188.7559
bdf-L1-sci.00000354.cat 300.0120969 +22.5972931 20918.13 188.1403
bdf-L1-sci.00000355.cat 300.0120988 +22.5973577 20872.23 187.9281
bdf-L1-sci.00000356.cat 300.0121495 +22.5973791 21112.62 188.3003
bdf-L1-sci.00000357.cat 300.0121241 +22.5974038 21096.73 188.4784
bdf-L1-sci.00000358.cat 300.0121537 +22.5973711 20945.33 188.3902
bdf-L1-sci.00000359.cat 300.0121104 +22.5980160 20935.49 188.3181
bdf-L1-sci.00000360.cat 300.0120988 +22.5973579 20608.24 187.7493
bdf-L1-sci.00000361.cat 300.0121123 +22.5973872 20866.41 187.8587
bdf-L1-sci.00000362.cat 300.0120853 +22.5980793 21461.99 188.8475
bdf-L1-sci.00000363.cat 300.0121892 +22.5973437 21146.89 188.8341
bdf-L1-sci.00000364.cat 300.0121243 +22.5973642 20796.61 187.9086
bdf-L1-sci.00000365.cat 300.0121200 +22.5973486 20704.45 188.0544
bdf-L1-sci.00000366.cat 300.0121499 +22.5980480 21069.9 188.5792
bdf-L1-sci.00000367.cat 300.0121593 +22.5973640 21026.37 188.8735
bdf-L1-sci.00000368.cat 300.0121250 +22.5973355 20815.7 188.192
bdf-L1-sci.00000369.cat 300.0120872 +22.5974383 20963.84 188.8441
bdf-L1-sci.00000370.cat 300.0121861 +22.5973541 20826.8 188.0686
bdf-L1-sci.00000371.cat 300.0122231 +22.5980533 20704.97 188.1936
bdf-L1-sci.00000372.cat 300.0121972 +22.5973965 20528.04 188.1576
bdf-L1-sci.00000373.cat 300.0121570 +22.5980277 20416.35 187.9809
bdf-L1-sci.00000374.cat 300.0121320 +22.5973364 20842.89 188.4915
bdf-L1-sci.00000375.cat 300.0121458 +22.5973758 20478.85 187.7338
bdf-L1-sci.00000376.cat 300.0120887 +22.5973832 20110.19 187.4838
bdf-L1-sci.00000377.cat 300.0121208 +22.5973423 20367.86 187.5605
bdf-L1-sci.00000378.cat 300.0121126 +22.5980598 20473.92 188.2024
bdf-L1-sci.00000379.cat 300.0121002 +22.5973374 20809.94 188.5402
bdf-L1-sci.00000380.cat 300.0121797 +22.5980804 20585.84 188.7431
bdf-L1-sci.00000381.cat 300.0121167 +22.5973951 20649.46 188.3533
bdf-L1-sci.00000382.cat 300.0121080 +22.5973495 20942.79 189.3188
bdf-L1-sci.00000383.cat 300.0121268 +22.5980197 20862.46 188.872
bdf-L1-sci.00000384.cat 300.0121053 +22.5973485 20632.06 188.6553
bdf-L1-sci.00000385.cat 300.0121590 +22.5980490 20884.57 189.4771
bdf-L1-sci.00000386.cat 300.0121784 +22.5973142 20810.79 188.5452
bdf-L1-sci.00000387.cat 300.0121425 +22.5980184 20509.28 189.0407
bdf-L1-sci.00000388.cat 300.0121984 +22.5973428 20822.83 188.8186
bdf-L1-sci.00000389.cat 300.0121434 +22.5973705 20676.32 189.161
bdf-L1-sci.00000390.cat 300.0121435 +22.5973611 20482.2 188.5914
bdf-L1-sci.00000391.cat 300.0120802 +22.5973583 20827.08 189.1325
bdf-L1-sci.00000392.cat 300.0121349 +22.5980103 20478.19 188.5913
bdf-L1-sci.00000393.cat 300.0121900 +22.5974484 20643.68 188.8825
bdf-L1-sci.00000394.cat 300.0121263 +22.5980281 20760.37 189.1375
bdf-L1-sci.00000395.cat 300.0121068 +22.5973449 20512.76 188.8673
bdf-L1-sci.00000396.cat 300.0121395 +22.5973323 20850.21 188.9884
bdf-L1-sci.00000397.cat 300.0121063 +22.5973310 20678.77 188.6689
bdf-L1-sci.00000398.cat 300.0121610 +22.5980468 20818.16 189.1886
bdf-L1-sci.00000399.cat 300.0120988 +22.5973941 20751.24 189.8684
bdf-L1-sci.00000400.cat 300.0121750 +22.5973208 20967.29 189.5247
bdf-L1-sci.00000401.cat 300.0121429 +22.5973458 20669.7 189.0771
bdf-L1-sci.00000402.cat 300.0121534 +22.5973739 20484.5 188.7003
bdf-L1-sci.00000403.cat 300.0120916 +22.5980476 20258.94 189.1078
bdf-L1-sci.00000404.cat 300.0120658 +22.5973708 20515.12 188.5847
bdf-L1-sci.00000405.cat 300.0121131 +22.5980131 20386.66 189.2008
bdf-L1-sci.00000406.cat 300.0122566 +22.5973366 20382.54 189.0969
bdf-L1-sci.00000407.cat 300.0121662 +22.5973578 20250.56 190.5862
bdf-L1-sci.00000408.cat 300.0121753 +22.5973490 20587.07 190.1975
bdf-L1-sci.00000409.cat 300.0121233 +22.5979949 20559.54 190.5258
bdf-L1-sci.00000410.cat 300.0121657 +22.5973712 20749.35 190.5862
bdf-L1-sci.00000411.cat 300.0121608 +22.5973587 20360.95 189.9017
bdf-L1-sci.00000412.cat 300.0120855 +22.5973429 20584.08 189.9945
bdf-L1-sci.00000413.cat 300.0121210 +22.5973304 20421.54 190.0022
bdf-L1-sci.00000414.cat 300.0120867 +22.5973644 20293.05 189.8437
bdf-L1-sci.00000415.cat 300.0121216 +22.5980831 20437.96 190.6263
bdf-L1-sci.00000416.cat 300.0120012 +22.5980455 20383.1 190.8956
bdf-L1-sci.00000417.cat 300.0121924 +22.5973477 19964.99 189.2662
bdf-L1-sci.00000418.cat 300.0121868 +22.5973827 20271.29 189.9278
bdf-L1-sci.00000419.cat 300.0121706 +22.5980506 20137.65 189.5215
bdf-L1-sci.00000420.cat 300.0121306 +22.5973644 20206.41 189.8235
bdf-L1-sci.00000421.cat 300.0122045 +22.5973743 20290.97 189.9419
bdf-L1-sci.00000422.cat 300.0121695 +22.5973695 20069.33 190.5833
bdf-L1-sci.00000423.cat 300.0121967 +22.5973519 20040.36 190.7688
bdf-L1-sci.00000424.cat 300.0121447 +22.5973010 20063.48 191.0093
bdf-L1-sci.00000425.cat 300.0122207 +22.5973474 20192.1 191.3971
bdf-L1-sci.00000426.cat 300.0121030 +22.5973590 20270.77 190.9356
bdf-L1-sci.00000427.cat 300.0121936 +22.5973484 20235.43 190.4334
bdf-L1-sci.00000428.cat 300.0121234 +22.5974021 20529.63 191.5815
bdf-L1-sci.00000429.cat 300.0122017 +22.5974378 20464.67 191.4366
bdf-L1-sci.00000430.cat 300.0121248 +22.5973727 20291.85 191.4248
bdf-L1-sci.00000431.cat 300.0121704 +22.5973568 20105.48 190.8664
bdf-L1-sci.00000432.cat 300.0122505 +22.5974132 20009.11 191.0067
bdf-L1-sci.00000433.cat 300.0121399 +22.5973678 20689.53 191.9289
bdf-L1-sci.00000434.cat 300.0121206 +22.5974253 20450.03 191.4944
bdf-L1-sci.00000435.cat 300.0121648 +22.5973623 20484.14 190.9338
bdf-L1-sci.00000436.cat 300.0121528 +22.5974279 19909.4 189.1986
bdf-L1-sci.00000437.cat 300.0121222 +22.5973985 20458.5 190.5468
bdf-L1-sci.00000438.cat 300.0121972 +22.5973704 19920.45 189.9959
bdf-L1-sci.00000439.cat 300.0121316 +22.5973359 20404.55 190.7742
bdf-L1-sci.00000440.cat 300.0121622 +22.5973758 19895.49 189.9417
bdf-L1-sci.00000441.cat 300.0120742 +22.5973665 20312.18 190.1507
bdf-L1-sci.00000442.cat 300.0121228 +22.5973495 20446.08 190.5479
bdf-L1-sci.00000443.cat 300.0121449 +22.5973447 20356.83 190.3922
bdf-L1-sci.00000444.cat 300.0121117 +22.5973220 20219.1 190.9245
bdf-L1-sci.00000445.cat 300.0121490 +22.5973691 20229.82 190.6749
bdf-L1-sci.00000446.cat 300.0121435 +22.5973534 20401.79 190.6019
bdf-L1-sci.00000447.cat 300.0120825 +22.5973986 20285.55 190.8297
bdf-L1-sci.00000448.cat 300.0121663 +22.5974187 20391.29 190.7841
bdf-L1-sci.00000449.cat 300.0121762 +22.5974272 20219.84 190.4304
bdf-L1-sci.00000450.cat 300.0121509 +22.5974237 20182.46 190.1488
bdf-L1-sci.00000451.cat 300.0122448 +22.5974076 20178.92 190.6967
bdf-L1-sci.00000452.cat 300.0121019 +22.5974066 19852.43 190.5441
bdf-L1-sci.00000453.cat 300.0121895 +22.5974543 20167.7 190.7628
bdf-L1-sci.00000454.cat 300.0122121 +22.5974015 19956.82 190.5829
bdf-L1-sci.00000455.cat 300.0122141 +22.5974335 20496.07 191.0735
bdf-L1-sci.00000456.cat 300.0121413 +22.5973886 20262.79 190.8468
bdf-L1-sci.00000457.cat 300.0121415 +22.5973963 20366.45 191.2633
bdf-L1-sci.00000458.cat 300.0121628 +22.5973699 20104.04 191.0082
bdf-L1-sci.00000459.cat 300.0121273 +22.5973909 20072.1 190.824
bdf-L1-sci.00000460.cat 300.0121625 +22.5973674 20163.02 191.5889
bdf-L1-sci.00000461.cat 300.0122976 +22.5973995 19818.82 191.0632
bdf-L1-sci.00000462.cat 300.0121238 +22.5974262 19910.72 191.882
bdf-L1-sci.00000463.cat 300.0121971 +22.5973526 19810.89 192.3463
bdf-L1-sci.00000464.cat 300.0121945 +22.5980430 19968.37 192.3074
bdf-L1-sci.00000465.cat 300.0121767 +22.5973690 19997.74 192.764
bdf-L1-sci.00000466.cat 300.0121268 +22.5973662 20137.1 192.7754
bdf-L1-sci.00000467.cat 300.0122315 +22.5973952 20021.32 192.8734
bdf-L1-sci.00000468.cat 300.0121117 +22.5973752 19673.78 192.4054
bdf-L1-sci.00000469.cat 300.0121278 +22.5973920 20016.69 193.584
bdf-L1-sci.00000470.cat 300.0121272 +22.5973695 19950.85 193.2733
bdf-L1-sci.00000471.cat 300.0122131 +22.5973322 19369.07 193.3418
bdf-L1-sci.00000472.cat 300.0121010 +22.5973454 19717.87 193.4588
bdf-L1-sci.00000473.cat 300.0121388 +22.5973912 19624.21 193.2643
bdf-L1-sci.00000474.cat 300.0121448 +22.5973915 19131.16 192.9193
bdf-L1-sci.00000475.cat 300.0122157 +22.5974440 19080 193.3133
bdf-L1-sci.00000476.cat 300.0121440 +22.5973974 19057.43 192.9313
bdf-L1-sci.00000477.cat 300.0121421 +22.5974011 19392.62 194.0851
bdf-L1-sci.00000478.cat 300.0121274 +22.5973732 19470.54 193.3217
bdf-L1-sci.00000479.cat 300.0121776 +22.5974129 18964.62 192.8355
bdf-L1-sci.00000480.cat 300.0121803 +22.5974199 19381.6 193.4813
bdf-L1-sci.00000481.cat 300.0121835 +22.5973905 19577.84 193.0816
bdf-L1-sci.00000482.cat 300.0120677 +22.5973973 19802.95 194.4284
bdf-L1-sci.00000483.cat 300.0121683 +22.5973342 19455.44 193.2252
bdf-L1-sci.00000484.cat 300.0121074 +22.5973564 19338.84 193.2869
bdf-L1-sci.00000485.cat 300.0122157 +22.5973851 19590.55 190.9035
bdf-L1-sci.00000486.cat 300.0122288 +22.5973381 19754.37 191.0458
bdf-L1-sci.00000487.cat 300.0121206 +22.5973943 19694.12 191.4532
bdf-L1-sci.00000488.cat 300.0121305 +22.5974230 19344.37 191.4017
bdf-L1-sci.00000489.cat 300.0121641 +22.5974138 19795.44 191.8425
bdf-L1-sci.00000490.cat 300.0122697 +22.5974011 19405.84 191.7993
bdf-L1-sci.00000491.cat 300.0121322 +22.5973980 19740.9 191.7805
bdf-L1-sci.00000492.cat 300.0121673 +22.5973917 20124.51 191.8098
bdf-L1-sci.00000493.cat 300.0121685 +22.5974208 19542.46 191.9632
bdf-L1-sci.00000494.cat 300.0120694 +22.5973698 19855.53 191.9821
bdf-L1-sci.00000495.cat 300.0121204 +22.5973711 19557.99 191.1993
bdf-L1-sci.00000496.cat 300.0122193 +22.5974147 19824.36 192.4831
bdf-L1-sci.00000497.cat 300.0121555 +22.5974086 19924.03 192.6767
bdf-L1-sci.00000498.cat 300.0121230 +22.5973662 19903.87 191.9709
bdf-L1-sci.00000499.cat 300.0121436 +22.5973846 19814.58 192.5984
bdf-L1-sci.00000500.cat 300.0121999 +22.5973680 19754.57 191.9976
bdf-L1-sci.00000501.cat 300.0121467 +22.5973662 19282.26 191.6353
bdf-L1-sci.00000502.cat 300.0121376 +22.5973783 20053 192.9308
bdf-L1-sci.00000503.cat 300.0122401 +22.5973847 19637.26 191.5502
bdf-L1-sci.00000504.cat 300.0121576 +22.5974012 19692.2 191.7311
bdf-L1-sci.00000505.cat 300.0122373 +22.5973773 19774.26 192.0532
bdf-L1-sci.00000506.cat 300.0121508 +22.5974536 19761.51 191.6317
bdf-L1-sci.00000507.cat 300.0121217 +22.5974309 19949.09 192.1565
bdf-L1-sci.00000508.cat 300.0121451 +22.5973663 19977.77 191.8763
bdf-L1-sci.00000509.cat 300.0121613 +22.5973310 19602.94 191.6218
bdf-L1-sci.00000510.cat 300.0121249 +22.5974100 19682.31 191.574
bdf-L1-sci.00000511.cat 300.0121607 +22.5973953 19765.24 190.7081
bdf-L1-sci.00000512.cat 300.0121443 +22.5973150 19660.77 190.765
bdf-L1-sci.00000513.cat 300.0121505 +22.5974138 19478.47 190.1235
bdf-L1-sci.00000514.cat 300.0121773 +22.5974049 19723.71 191.0457
bdf-L1-sci.00000515.cat 300.0121357 +22.5973947 19641.02 190.8601
bdf-L1-sci.00000516.cat 300.0121474 +22.5973878 19476.23 190.8823
bdf-L1-sci.00000517.cat 300.0121892 +22.5973838 19864.41 191.8382
bdf-L1-sci.00000518.cat 300.0121393 +22.5973770 19056.25 191.0719
bdf-L1-sci.00000519.cat 300.0122496 +22.5974372 19597.9 192.2091
bdf-L1-sci.00000520.cat 300.0121584 +22.5974175 19507.84 192.1006
bdf-L1-sci.00000521.cat 300.0121197 +22.5974153 19124.98 191.2407
bdf-L1-sci.00000522.cat 300.0121225 +22.5974431 19361.37 190.714
bdf-L1-sci.00000523.cat 300.0122534 +22.5973997 19146.56 190.5937
bdf-L1-sci.00000524.cat 300.0122470 +22.5973722 19390.41 191.4751
bdf-L1-sci.00000525.cat 300.0121955 +22.5973737 19124.19 190.5851
bdf-L1-sci.00000526.cat 300.0121528 +22.5974146 19120.39 191.0579
bdf-L1-sci.00000527.cat 300.0121928 +22.5973811 19394.93 191.3013
bdf-L1-sci.00000528.cat 300.0121770 +22.5974183 19335.11 191.0305
bdf-L1-sci.00000529.cat 300.0122701 +22.5974347 19293.42 190.9096
bdf-L1-sci.00000530.cat 300.0121838 +22.5973885 19165.39 191.1061
bdf-L1-sci.00000531.cat 300.0122124 +22.5973800 19204.78 190.8358
bdf-L1-sci.00000532.cat 300.0121876 +22.5974189 19473.32 191.0954
bdf-L1-sci.00000533.cat 300.0122032 +22.5973803 19428.21 191.0102
bdf-L1-sci.00000534.cat 300.0121897 +22.5974059 19743.1 191.8111
bdf-L1-sci.00000535.cat 300.0122257 +22.5974554 19169.59 191.4122
bdf-L1-sci.00000536.cat 300.0122527 +22.5973743 19019.98 191.1122
bdf-L1-sci.00000538.cat 300.0122048 +22.5974049 19417.09 190.6332
bdf-L1-sci.00000539.cat 300.0122702 +22.5974171 19720.87 191.1126
bdf-L1-sci.00000540.cat 300.0121183 +22.5973837 19412.69 190.4301
bdf-L1-sci.00000541.cat 300.0123628 +22.5973366 19703.82 190.9239
bdf-L1-sci.00000542.cat 300.0121255 +22.5974027 19332.32 190.232
bdf-L1-sci.00000543.cat 300.0123781 +22.5974112 19543.56 190.8426
bdf-L1-sci.00000544.cat 300.0122944 +22.5973717 19191.52 191.1836
bdf-L1-sci.00000545.cat 300.0121938 +22.5973985 19145.13 191.3458
bdf-L1-sci.00000546.cat 300.0122074 +22.5973770 12639.79 188.0789
bdf-L1-sci.00000547.cat 300.0121440 +22.5973528 6428.408 184.5368
bdf-L1-sci.00000548.cat 300.0122504 +22.5974472 5120.51 181.2904
bdf-L1-sci.00000549.cat 300.0121824 +22.5974059 4380.527 181.6709
bdf-L1-sci.00000561.cat 300.0122093 +22.5973601 14082.33 190.726
bdf-L1-sci.00000562.cat 300.0122382 +22.5973650 18379.47 190.6336
bdf-L1-sci.00000563.cat 300.0122326 +22.5973845 19134.42 191.1869
bdf-L1-sci.00000564.cat 300.0121639 +22.5973577 18643.6 190.6652
bdf-L1-sci.00000566.cat 300.0122205 +22.5973822 17930.78 189.4673
bdf-L1-sci.00000567.cat 300.0121975 +22.5973453 19133.67 190.6257
bdf-L1-sci.00000568.cat 300.0121800 +22.5973519 18915.89 190.4981
bdf-L1-sci.00000569.cat 300.0121763 +22.5974110 18795.75 190.3551
bdf-L1-sci.00000570.cat 300.0121914 +22.5973756 18757.12 190.3784
bdf-L1-sci.00000571.cat 300.0122007 +22.5974251 18539.57 190.2321
bdf-L1-sci.00000572.cat 300.0121758 +22.5973251 18922.47 190.2949
bdf-L1-sci.00000573.cat 300.0121833 +22.5974164 19115.07 190.7136
bdf-L1-sci.00000574.cat 300.0122009 +22.5974401 19095.94 190.4587
bdf-L1-sci.00000575.cat 300.0121601 +22.5973888 19285.69 190.8499
bdf-L1-sci.00000576.cat 300.0122170 +22.5974386 18991 190.8557
bdf-L1-sci.00000577.cat 300.0122232 +22.5974161 19196.71 190.9389
bdf-L1-sci.00000578.cat 300.0122013 +22.5973643 19494.15 191.3995
bdf-L1-sci.00000579.cat 300.0122082 +22.5973792 19039.67 191.093
bdf-L1-sci.00000580.cat 300.0122793 +22.5973688 19034.29 190.8454
bdf-L1-sci.00000581.cat 300.0122204 +22.5973414 19251.46 190.9819
bdf-L1-sci.00000582.cat 300.0121544 +22.5973945 19102.32 191.2822
bdf-L1-sci.00000583.cat 300.0122125 +22.5973847 19179.85 191.0776
bdf-L1-sci.00000584.cat 300.0121511 +22.5974106 19347.3 191.6117
bdf-L1-sci.00000585.cat 300.0121366 +22.5974690 19172.78 191.17
bdf-L1-sci.00000586.cat 300.0121192 +22.5980498 19191.94 191.159
bdf-L1-sci.00000587.cat 300.0121090 +22.5973876 18800.62 190.6186
bdf-L1-sci.00000588.cat 300.0120989 +22.5973721 19012.58 191.2526
bdf-L1-sci.00000589.cat 300.0122006 +22.5973896 19026.95 191.0136
bdf-L1-sci.00000590.cat 300.0121484 +22.5973889 19330.28 191.5476
bdf-L1-sci.00000591.cat 300.0120932 +22.5973906 18912.36 190.8618
bdf-L1-sci.00000592.cat 300.0120878 +22.5973601 19566.85 191.6623
bdf-L1-sci.00000593.cat 300.0121171 +22.5973570 19563.46 191.9901
bdf-L1-sci.00000594.cat 300.0121905 +22.5974028 18921.73 191.0948
