bdf-L1-sci.00000001.cat 300.0487417 +22.7130302 34183.43 204.1158
bdf-L1-sci.00000002.cat 300.0487606 +22.7130543 34097.23 203.5463
bdf-L1-sci.00000003.cat 300.0487532 +22.7130031 34636.93 203.8395
bdf-L1-sci.00000004.cat 300.0487006 +22.7130281 34542.11 204.0343
bdf-L1-sci.00000005.cat 300.0487489 +22.7130776 34041 203.5224
bdf-L1-sci.00000006.cat 300.0487437 +22.7130954 34273.3 204.1273
bdf-L1-sci.00000007.cat 300.0487969 +22.7131436 34104.11 204.3928
bdf-L1-sci.00000008.cat 300.0487594 +22.7131026 33988.22 204.4845
bdf-L1-sci.00000009.cat 300.0487524 +22.7131698 34120.7 204.6758
bdf-L1-sci.00000010.cat 300.0487582 +22.7131264 34058.18 204.5206
bdf-L1-sci.00000011.cat 300.0490263 +22.7131840 33920.23 204.854
bdf-L1-sci.00000012.cat 300.0487731 +22.7131359 34426.3 204.6161
bdf-L1-sci.00000013.cat 300.0487032 +22.7130895 33953.78 203.8568
bdf-L1-sci.00000014.cat 300.0487614 +22.7131299 34386.07 203.9912
bdf-L1-sci.00000015.cat 300.0487918 +22.7131339 33825.71 204.6454
bdf-L1-sci.00000016.cat 300.0487690 +22.7130710 34265.04 205.4843
bdf-L1-sci.00000017.cat 300.0487679 +22.7131337 34172.32 205.0468
bdf-L1-sci.00000018.cat 300.0487386 +22.7131024 34051.42 203.8118
bdf-L1-sci.00000019.cat 300.0488307 +22.7131942 34020.96 202.9642
bdf-L1-sci.00000020.cat 300.0487623 +22.7130999 34823.77 203.5575
bdf-L1-sci.00000021.cat 300.0487935 +22.7131257 33935.73 203.5968
bdf-L1-sci.00000022.cat 300.0487992 +22.7130970 34208.52 203.0403
bdf-L1-sci.00000023.cat 300.0487922 +22.7130869 34127.86 203.5634
bdf-L1-sci.00000024.cat 300.0486554 +22.7127009 34308.07 204.0604
bdf-L1-sci.00000025.cat 300.0488049 +22.7131552 34387.57 203.831
bdf-L1-sci.00000026.cat 300.0487750 +22.7130913 34108.99 203.6222
bdf-L1-sci.00000027.cat 300.0483925 +22.7132394 34401.93 204.3299
bdf-L1-sci.00000028.cat 300.0487453 +22.7131253 34350.31 204.0241
bdf-L1-sci.00000029.cat 300.0487961 +22.7130623 34016.42 203.7023
bdf-L1-sci.00000030.cat 300.0487485 +22.7131142 33826.69 203.601
bdf-L1-sci.00000031.cat 300.0487416 +22.7131184 34106.99 204.2531
bdf-L1-sci.00000032.cat 300.0488271 +22.7131184 33986.11 203.5327
bdf-L1-sci.00000033.cat 300.0487711 +22.7131429 34086.84 204.1066
bdf-L1-sci.00000034.cat 300.0487880 +22.7131195 33793.8 203.1154
bdf-L1-sci.00000035.cat 300.0487689 +22.7131636 34064.53 203.5006
bdf-L1-sci.00000036.cat 300.0487496 +22.7131061 34295.13 204.1609
bdf-L1-sci.00000037.cat 300.0487978 +22.7130860 34137.25 203.8602
bdf-L1-sci.00000038.cat 300.0487700 +22.7131588 34390.7 204.103
bdf-L1-sci.00000039.cat 300.0487459 +22.7130849 34241.51 203.7302
bdf-L1-sci.00000040.cat 300.0487735 +22.7130784 33970.23 203.8086
bdf-L1-sci.00000041.cat 300.0487626 +22.7130865 34356.84 203.5189
bdf-L1-sci.00000042.cat 300.0487498 +22.7131402 33999.55 203.2833
bdf-L1-sci.00000043.cat 300.0487416 +22.7130888 34159.71 203.5383
bdf-L1-sci.00000044.cat 300.0487880 +22.7131110 33899.71 203.2231
bdf-L1-sci.00000045.cat 300.0487908 +22.7130793 33751.91 202.7587
bdf-L1-sci.00000046.cat 300.0488067 +22.7130538 34227.46 203.911
bdf-L1-sci.00000047.cat 300.0487749 +22.7130846 34321.59 203.6325
bdf-L1-sci.00000048.cat 300.0487658 +22.7131050 34202.68 203.824
bdf-L1-sci.00000049.cat 300.0487403 +22.7130930 34188.32 203.844
bdf-L1-sci.00000050.cat 300.0486991 +22.7131359 34428.66 204.3156
bdf-L1-sci.00000051.cat 300.0488270 +22.7131277 34527.02 203.9887
bdf-L1-sci.00000052.cat 300.0487109 +22.7130825 34231.65 203.6234
bdf-L1-sci.00000053.cat 300.0487701 +22.7131457 34377.46 204.0088
bdf-L1-sci.00000054.cat 300.0487555 +22.7130906 34136.53 203.4738
bdf-L1-sci.00000055.cat 300.0487654 +22.7131061 34194.34 203.5883
bdf-L1-sci.00000056.cat 300.0487708 +22.7131615 34187.29 204.2208
bdf-L1-sci.00000057.cat 300.0488147 +22.7130405 34456.75 204.121
bdf-L1-sci.00000058.cat 300.0487881 +22.7130795 34313.77 204.0323
bdf-L1-sci.00000059.cat 300.0487402 +22.7130672 34434.05 204.4006
bdf-L1-sci.00000060.cat 300.0487376 +22.7131159 33914.42 202.9299
bdf-L1-sci.00000061.cat 300.0487845 +22.7130943 34023 203.1761
bdf-L1-sci.00000062.cat 300.0487723 +22.7130597 34503.54 203.7423
bdf-L1-sci.00000064.cat 300.0487318 +22.7130723 34701 204.4786
bdf-L1-sci.00000065.cat 300.0487240 +22.7130738 34135.11 205.509
bdf-L1-sci.00000066.cat 300.0487799 +22.7130904 34350.74 204.5466
bdf-L1-sci.00000067.cat 300.0487339 +22.7130818 33945 203.3837
bdf-L1-sci.00000068.cat 300.0487955 +22.7131299 34187.12 203.7102
bdf-L1-sci.00000069.cat 300.0487215 +22.7131109 34209.28 203.7386
bdf-L1-sci.00000070.cat 300.0487003 +22.7130745 34493.34 203.7836
bdf-L1-sci.00000071.cat 300.0487389 +22.7131015 34105.69 203.6347
bdf-L1-sci.00000072.cat 300.0487800 +22.7130714 34047.95 203.668
bdf-L1-sci.00000073.cat 300.0487437 +22.7131171 33883.77 202.9287
bdf-L1-sci.00000074.cat 300.0487643 +22.7131279 34026.15 203.0944
bdf-L1-sci.00000075.cat 300.0487705 +22.7130969 34170.87 203.6804
bdf-L1-sci.00000076.cat 300.0488293 +22.7130890 34150.24 203.041
bdf-L1-sci.00000077.cat 300.0487818 +22.7131322 34104.68 203.0851
bdf-L1-sci.00000078.cat 300.0487668 +22.7131391 33947.08 203.2435
bdf-L1-sci.00000079.cat 300.0487796 +22.7131130 34416.66 203.4023
bdf-L1-sci.00000080.cat 300.0487901 +22.7131289 34417.21 203.8368
bdf-L1-sci.00000081.cat 300.0487401 +22.7130923 33878 202.8231
bdf-L1-sci.00000082.cat 300.0487912 +22.7131235 34069.3 202.8584
bdf-L1-sci.00000083.cat 300.0488514 +22.7129520 33869.94 202.6401
bdf-L1-sci.00000084.cat 300.0487290 +22.7131488 34220.39 203.1735
bdf-L1-sci.00000085.cat 300.0487922 +22.7131362 33786.55 202.8646
bdf-L1-sci.00000086.cat 300.0487461 +22.7131476 33890.03 203.2172
bdf-L1-sci.00000087.cat 300.0487624 +22.7131327 34250.04 203.279
bdf-L1-sci.00000088.cat 300.0487366 +22.7131170 33919.53 202.8611
bdf-L1-sci.00000089.cat 300.0487733 +22.7131254 34477.28 203.4169
bdf-L1-sci.00000090.cat 300.0487772 +22.7130991 34114.56 203.0221
bdf-L1-sci.00000091.cat 300.0487761 +22.7130921 34381.82 203.45
bdf-L1-sci.00000092.cat 300.0487838 +22.7131213 34041.05 203.5473
bdf-L1-sci.00000093.cat 300.0487584 +22.7130915 34367.77 203.7835
bdf-L1-sci.00000095.cat 300.0487844 +22.7135265 34550.55 204.2417
bdf-L1-sci.00000096.cat 300.0487847 +22.7130955 34169.39 203.526
bdf-L1-sci.00000097.cat 300.0487568 +22.7131093 34153.13 203.0536
bdf-L1-sci.00000098.cat 300.0487430 +22.7131005 33849.45 202.3395
bdf-L1-sci.00000099.cat 300.0487418 +22.7130709 34458.75 203.1457
bdf-L1-sci.00000100.cat 300.0487576 +22.7130984 33915.73 202.3811
bdf-L1-sci.00000101.cat 300.0487501 +22.7130953 34202.07 202.705
bdf-L1-sci.00000102.cat 300.0487829 +22.7130872 34141.09 203.6426
bdf-L1-sci.00000103.cat 300.0487324 +22.7130915 33606.52 203.1406
bdf-L1-sci.00000104.cat 300.0487860 +22.7130792 33850.71 203.0384
bdf-L1-sci.00000105.cat 300.0487307 +22.7131194 34122.49 202.7043
bdf-L1-sci.00000106.cat 300.0487885 +22.7130982 34398.03 202.7901
bdf-L1-sci.00000107.cat 300.0487745 +22.7130767 33992.14 202.2698
bdf-L1-sci.00000108.cat 300.0487723 +22.7134745 34236.66 202.8212
bdf-L1-sci.00000109.cat 300.0487660 +22.7130616 33665.35 202.4635
bdf-L1-sci.00000110.cat 300.0487966 +22.7131018 34143.92 202.4578
bdf-L1-sci.00000111.cat 300.0488030 +22.7134823 34284.13 203.1555
bdf-L1-sci.00000112.cat 300.0487813 +22.7131123 34111.09 203.1237
bdf-L1-sci.00000113.cat 300.0487525 +22.7130776 34115.52 203.3468
bdf-L1-sci.00000114.cat 300.0487785 +22.7131080 34131.41 203.0697
bdf-L1-sci.00000115.cat 300.0487453 +22.7130781 33945.42 202.5204
bdf-L1-sci.00000116.cat 300.0487830 +22.7130727 34075.49 202.9252
bdf-L1-sci.00000117.cat 300.0487361 +22.7130986 33665.59 202.53
bdf-L1-sci.00000118.cat 300.0487365 +22.7134553 34083.09 202.7929
bdf-L1-sci.00000119.cat 300.0487675 +22.7130984 33906.24 202.9102
bdf-L1-sci.00000120.cat 300.0487657 +22.7130933 33845.79 202.4752
bdf-L1-sci.00000121.cat 300.0487655 +22.7131243 33663.5 202.2631
bdf-L1-sci.00000122.cat 300.0487431 +22.7131351 33904.23 202.2278
bdf-L1-sci.00000123.cat 300.0488047 +22.7131021 33502.07 201.3745
bdf-L1-sci.00000124.cat 300.0487720 +22.7131293 34041.72 201.9781
bdf-L1-sci.00000125.cat 300.0487566 +22.7131128 33668.2 201.9671
bdf-L1-sci.00000126.cat 300.0487631 +22.7131141 34063.97 202.3507
bdf-L1-sci.00000127.cat 300.0487995 +22.7131210 33740.04 202.2916
bdf-L1-sci.00000128.cat 300.0487873 +22.7131302 33795.11 202.105
bdf-L1-sci.00000129.cat 300.0487976 +22.7131082 34004.49 202.4968
bdf-L1-sci.00000130.cat 300.0487944 +22.7131350 33771.47 201.8436
bdf-L1-sci.00000131.cat 300.0487659 +22.7130951 34090.38 202.2184
bdf-L1-sci.00000132.cat 300.0487498 +22.7131050 34214.04 202.6805
bdf-L1-sci.00000133.cat 300.0487437 +22.7131169 34000.92 202.0006
bdf-L1-sci.00000134.cat 300.0487547 +22.7131342 33488.39 201.5234
bdf-L1-sci.00000135.cat 300.0487824 +22.7131177 33871.6 202.1629
bdf-L1-sci.00000136.cat 300.0487821 +22.7131102 34109.79 202.3096
bdf-L1-sci.00000137.cat 300.0487666 +22.7131133 33802.78 201.6048
bdf-L1-sci.00000138.cat 300.0487531 +22.7131120 33784.38 202.2861
bdf-L1-sci.00000139.cat 300.0487749 +22.7130982 33617.49 201.8769
bdf-L1-sci.00000140.cat 300.0487872 +22.7131298 34064.15 202.483
bdf-L1-sci.00000141.cat 300.0487822 +22.7131259 33456.61 201.7207
bdf-L1-sci.00000142.cat 300.0487327 +22.7135114 33809.86 202.1894
bdf-L1-sci.00000143.cat 300.0487719 +22.7131196 34241.48 202.8478
bdf-L1-sci.00000144.cat 300.0487854 +22.7130710 34083.63 202.3804
bdf-L1-sci.00000145.cat 300.0486987 +22.7130678 33919.71 202.1621
bdf-L1-sci.00000146.cat 300.0487771 +22.7131104 34016.98 202.4878
bdf-L1-sci.00000147.cat 300.0487882 +22.7131057 34008.4 202.5916
bdf-L1-sci.00000148.cat 300.0487567 +22.7130842 33825.68 202.3008
bdf-L1-sci.00000149.cat 300.0487680 +22.7131056 34582.18 202.8622
bdf-L1-sci.00000150.cat 300.0487881 +22.7134667 34059.5 201.931
bdf-L1-sci.00000151.cat 300.0487580 +22.7130850 34240.82 202.2842
bdf-L1-sci.00000152.cat 300.0487781 +22.7131333 33875 202.6116
bdf-L1-sci.00000153.cat 300.0487855 +22.7131403 34109.55 202.7575
bdf-L1-sci.00000154.cat 300.0487640 +22.7131249 33816.16 203.0855
bdf-L1-sci.00000155.cat 300.0487635 +22.7131081 33682.66 202.2177
bdf-L1-sci.00000156.cat 300.0487721 +22.7134032 33921.85 203.0869
bdf-L1-sci.00000157.cat 300.0487571 +22.7130942 33866.1 202.2392
bdf-L1-sci.00000158.cat 300.0487587 +22.7131179 33457.58 201.7869
bdf-L1-sci.00000159.cat 300.0487498 +22.7131069 33784.68 202.1585
bdf-L1-sci.00000160.cat 300.0487311 +22.7131171 33807.81 202.6838
bdf-L1-sci.00000161.cat 300.0488009 +22.7131098 34101.37 202.7513
bdf-L1-sci.00000162.cat 300.0487620 +22.7131456 33755.8 201.996
bdf-L1-sci.00000163.cat 300.0487692 +22.7131373 33932.09 202.5148
bdf-L1-sci.00000164.cat 300.0488652 +22.7131536 33572.34 202.0515
bdf-L1-sci.00000165.cat 300.0487642 +22.7134702 33828.7 202.5102
bdf-L1-sci.00000166.cat 300.0487409 +22.7131050 33859.64 202.3042
bdf-L1-sci.00000167.cat 300.0487465 +22.7130863 33757.5 202.0187
bdf-L1-sci.00000168.cat 300.0487520 +22.7131177 33906.24 202.7091
bdf-L1-sci.00000169.cat 300.0487361 +22.7131043 33634.66 202.2037
bdf-L1-sci.00000170.cat 300.0487559 +22.7130906 33493.99 201.8953
bdf-L1-sci.00000171.cat 300.0487432 +22.7130957 33796.05 202.14
bdf-L1-sci.00000172.cat 300.0487388 +22.7130358 33859.97 201.8047
bdf-L1-sci.00000173.cat 300.0487482 +22.7131634 33919 201.625
bdf-L1-sci.00000174.cat 300.0487501 +22.7131139 33985.46 201.5564
bdf-L1-sci.00000175.cat 300.0487545 +22.7130738 33890.68 202.0257
bdf-L1-sci.00000176.cat 300.0487820 +22.7131028 34342.67 202.4293
bdf-L1-sci.00000177.cat 300.0487198 +22.7131137 33917.82 202.1193
bdf-L1-sci.00000178.cat 300.0487456 +22.7131014 33885.32 202.4118
bdf-L1-sci.00000179.cat 300.0487495 +22.7130924 33632.57 201.9324
bdf-L1-sci.00000180.cat 300.0488076 +22.7130925 33664.6 202.1104
bdf-L1-sci.00000181.cat 300.0488048 +22.7131255 33533.04 202.0192
bdf-L1-sci.00000182.cat 300.0488003 +22.7130402 33594.8 202.2174
bdf-L1-sci.00000183.cat 300.0488407 +22.7134854 33670.3 202.1965
bdf-L1-sci.00000184.cat 300.0487594 +22.7130612 33972.57 202.4948
bdf-L1-sci.00000185.cat 300.0487486 +22.7130872 33760.5 202.2362
bdf-L1-sci.00000186.cat 300.0487634 +22.7131021 33328.31 201.4964
bdf-L1-sci.00000187.cat 300.0487346 +22.7131024 33751.23 202.8308
bdf-L1-sci.00000188.cat 300.0488033 +22.7131397 33877.64 202.6981
bdf-L1-sci.00000189.cat 300.0487793 +22.7131123 33524.2 201.5786
bdf-L1-sci.00000190.cat 300.0487431 +22.7130756 33439.81 202.0704
bdf-L1-sci.00000191.cat 300.0487561 +22.7131139 34024.73 202.5949
bdf-L1-sci.00000192.cat 300.0487366 +22.7131613 33776.94 201.8187
bdf-L1-sci.00000193.cat 300.0487874 +22.7131364 33558.22 201.9816
bdf-L1-sci.00000194.cat 300.0487678 +22.7130870 33586.06 202.374
bdf-L1-sci.00000195.cat 300.0487788 +22.7131030 33571.04 201.5526
bdf-L1-sci.00000196.cat 300.0487579 +22.7131283 33393.62 201.4794
bdf-L1-sci.00000198.cat 300.0488134 +22.7134894 33702.41 201.8623
bdf-L1-sci.00000199.cat 300.0487175 +22.7131063 33422.83 201.5131
bdf-L1-sci.00000200.cat 300.0487897 +22.7131195 33190.1 201.9319
bdf-L1-sci.00000201.cat 300.0487704 +22.7131289 33324.46 201.525
bdf-L1-sci.00000202.cat 300.0487177 +22.7130789 33332.7 201.6645
bdf-L1-sci.00000203.cat 300.0487053 +22.7131053 33115.08 201.5912
bdf-L1-sci.00000204.cat 300.0487483 +22.7130863 33647.23 202.1771
bdf-L1-sci.00000205.cat 300.0487567 +22.7130881 33901.38 201.9196
bdf-L1-sci.00000206.cat 300.0487417 +22.7130761 33697.83 202.5799
bdf-L1-sci.00000207.cat 300.0488067 +22.7134561 33480.11 201.8387
bdf-L1-sci.00000208.cat 300.0487513 +22.7130835 33848.32 202.1376
bdf-L1-sci.00000209.cat 300.0487132 +22.7130851 33348.03 202.2574
bdf-L1-sci.00000210.cat 300.0487334 +22.7130770 33857.39 202.3229
bdf-L1-sci.00000211.cat 300.0487348 +22.7131156 33666.07 202.15
bdf-L1-sci.00000212.cat 300.0487365 +22.7130830 33704.39 201.645
bdf-L1-sci.00000213.cat 300.0487607 +22.7130708 33456.11 201.7216
bdf-L1-sci.00000214.cat 300.0487604 +22.7131051 33395.91 201.6675
bdf-L1-sci.00000215.cat 300.0487666 +22.7134674 33623.5 202.2909
bdf-L1-sci.00000216.cat 300.0487669 +22.7130840 33575.07 203.0959
bdf-L1-sci.00000217.cat 300.0487936 +22.7134638 33634.3 202.4729
bdf-L1-sci.00000218.cat 300.0487309 +22.7130834 33659.95 202.4918
bdf-L1-sci.00000219.cat 300.0487555 +22.7130844 33410.82 202.5879
bdf-L1-sci.00000220.cat 300.0487389 +22.7130778 33906.01 203.0404
bdf-L1-sci.00000221.cat 300.0488016 +22.7134811 33707 202.8489
bdf-L1-sci.00000222.cat 300.0487505 +22.7131227 33564.68 202.3239
bdf-L1-sci.00000223.cat 300.0487161 +22.7130862 33411.77 201.3817
bdf-L1-sci.00000224.cat 300.0487473 +22.7130815 33554.69 201.9091
bdf-L1-sci.00000225.cat 300.0487651 +22.7134741 33304.7 201.7653
bdf-L1-sci.00000226.cat 300.0487516 +22.7134789 33342.33 201.6563
bdf-L1-sci.00000227.cat 300.0488118 +22.7134318 33654.39 202.0531
bdf-L1-sci.00000228.cat 300.0487525 +22.7134475 33762.82 201.9962
bdf-L1-sci.00000229.cat 300.0487647 +22.7134610 33553.14 202.0021
bdf-L1-sci.00000230.cat 300.0487756 +22.7134540 33811.48 202.1858
bdf-L1-sci.00000231.cat 300.0487797 +22.7134879 33735.61 202.0199
bdf-L1-sci.00000232.cat 300.0487552 +22.7134567 33211.81 201.7001
bdf-L1-sci.00000233.cat 300.0487948 +22.7134719 33455.32 202.2478
bdf-L1-sci.00000234.cat 300.0487861 +22.7134893 33084.31 201.6289
bdf-L1-sci.00000235.cat 300.0487669 +22.7134695 33087.82 201.2893
bdf-L1-sci.00000236.cat 300.0487714 +22.7134854 33790.34 202.2147
bdf-L1-sci.00000237.cat 300.0487791 +22.7134757 33846.56 202.3518
bdf-L1-sci.00000238.cat 300.0487916 +22.7134362 33626.18 202.0109
bdf-L1-sci.00000239.cat 300.0488051 +22.7135122 33586.02 202.3592
bdf-L1-sci.00000240.cat 300.0487578 +22.7134358 33591.06 202.3211
bdf-L1-sci.00000241.cat 300.0488130 +22.7135309 33605.45 204.644
bdf-L1-sci.00000242.cat 300.0487751 +22.7134828 33718.69 206.3375
bdf-L1-sci.00000243.cat 300.0487756 +22.7134640 33577.43 202.5955
bdf-L1-sci.00000244.cat 300.0487862 +22.7134675 33763.86 202.8056
bdf-L1-sci.00000245.cat 300.0487748 +22.7134879 33880.2 203.3212
bdf-L1-sci.00000246.cat 300.0487733 +22.7134713 33671.45 202.5684
bdf-L1-sci.00000247.cat 300.0487578 +22.7135669 33403.3 202.2499
bdf-L1-sci.00000248.cat 300.0487515 +22.7134515 33410.24 202.1229
bdf-L1-sci.00000249.cat 300.0487622 +22.7134612 33486.44 202.6107
bdf-L1-sci.00000250.cat 300.0487645 +22.7134763 33470.25 201.7875
bdf-L1-sci.00000251.cat 300.0487456 +22.7134806 33374.52 201.9671
bdf-L1-sci.00000252.cat 300.0487890 +22.7134834 33351.33 201.7937
bdf-L1-sci.00000253.cat 300.0487193 +22.7130875 33473.86 202.0544
bdf-L1-sci.00000254.cat 300.0487061 +22.7130992 33256.68 201.8759
bdf-L1-sci.00000255.cat 300.0487149 +22.7130476 33557.88 202.1871
bdf-L1-sci.00000256.cat 300.0486850 +22.7134281 32957.03 201.7621
bdf-L1-sci.00000257.cat 300.0487558 +22.7130557 33524.02 202.0501
bdf-L1-sci.00000258.cat 300.0488182 +22.7131105 33252.04 202.5701
bdf-L1-sci.00000259.cat 300.0487034 +22.7130732 32823.62 201.3443
bdf-L1-sci.00000260.cat 300.0487081 +22.7130657 32963.76 201.4522
bdf-L1-sci.00000261.cat 300.0486646 +22.7130833 33349.41 202.1252
bdf-L1-sci.00000262.cat 300.0487486 +22.7130876 33046.01 201.7861
bdf-L1-sci.00000263.cat 300.0487422 +22.7134729 33453.17 201.8922
bdf-L1-sci.00000264.cat 300.0487501 +22.7134610 33156.44 201.8414
bdf-L1-sci.00000265.cat 300.0486890 +22.7130976 33221.83 201.8337
bdf-L1-sci.00000266.cat 300.0487398 +22.7134697 33168.9 202.0754
bdf-L1-sci.00000267.cat 300.0487517 +22.7134613 32506.01 201.1235
bdf-L1-sci.00000268.cat 300.0487218 +22.7130844 33187.82 202.0492
bdf-L1-sci.00000269.cat 300.0487379 +22.7131152 33291.55 202.6285
bdf-L1-sci.00000270.cat 300.0487479 +22.7134286 33316.7 202.3564
bdf-L1-sci.00000271.cat 300.0487208 +22.7130771 33163.17 202.3872
bdf-L1-sci.00000272.cat 300.0487162 +22.7135185 33233.62 202.1996
bdf-L1-sci.00000273.cat 300.0487078 +22.7130644 33159.74 202.5001
bdf-L1-sci.00000274.cat 300.0488229 +22.7134337 32747.79 201.9687
bdf-L1-sci.00000275.cat 300.0487285 +22.7130714 33222.45 202.1226
bdf-L1-sci.00000276.cat 300.0487569 +22.7134344 33058.55 201.8088
bdf-L1-sci.00000277.cat 300.0487113 +22.7130940 33171.66 202.3035
bdf-L1-sci.00000278.cat 300.0487230 +22.7130596 33065.77 201.9577
bdf-L1-sci.00000279.cat 300.0486981 +22.7130832 33042.53 202.0847
bdf-L1-sci.00000280.cat 300.0487018 +22.7131059 33456.02 202.4689
bdf-L1-sci.00000281.cat 300.0487009 +22.7130666 32981.79 202.1544
bdf-L1-sci.00000282.cat 300.0486911 +22.7130708 33326.5 202.2765
bdf-L1-sci.00000283.cat 300.0487211 +22.7130599 32895.29 202.2645
bdf-L1-sci.00000284.cat 300.0487126 +22.7130536 33323.83 202.7004
bdf-L1-sci.00000285.cat 300.0486722 +22.7130919 33598.35 203.6862
bdf-L1-sci.00000286.cat 300.0487225 +22.7134577 32689.78 202.0401
bdf-L1-sci.00000287.cat 300.0486816 +22.7130589 32898.36 202.325
bdf-L1-sci.00000288.cat 300.0486518 +22.7130494 33185.64 202.5339
bdf-L1-sci.00000289.cat 300.0487082 +22.7130512 33085.12 202.5938
bdf-L1-sci.00000290.cat 300.0487762 +22.7134271 32497.15 201.6765
bdf-L1-sci.00000291.cat 300.0487318 +22.7130558 32889.45 202.1165
bdf-L1-sci.00000292.cat 300.0487608 +22.7130405 32857.2 202.1222
bdf-L1-sci.00000293.cat 300.0487252 +22.7130380 32957.44 202.3229
bdf-L1-sci.00000294.cat 300.0486999 +22.7130605 33206.14 202.6702
bdf-L1-sci.00000295.cat 300.0487334 +22.7134938 33264.12 203.2311
bdf-L1-sci.00000296.cat 300.0487257 +22.7134281 32660.32 202.6948
bdf-L1-sci.00000297.cat 300.0488035 +22.7134752 33178.36 202.9556
bdf-L1-sci.00000298.cat 300.0487570 +22.7134891 32624.99 202.2174
bdf-L1-sci.00000299.cat 300.0487169 +22.7130781 32969.04 202.8257
bdf-L1-sci.00000300.cat 300.0486844 +22.7130437 32786.8 202.8921
bdf-L1-sci.00000301.cat 300.0487244 +22.7130942 33365.94 202.9239
bdf-L1-sci.00000302.cat 300.0487045 +22.7130683 32724.55 202.4269
bdf-L1-sci.00000303.cat 300.0487176 +22.7131069 32660.3 202.699
bdf-L1-sci.00000304.cat 300.0487169 +22.7130624 32863.95 202.722
bdf-L1-sci.00000305.cat 300.0486981 +22.7130672 32808.39 202.6175
bdf-L1-sci.00000306.cat 300.0487396 +22.7134840 32952.23 203.0152
bdf-L1-sci.00000307.cat 300.0487401 +22.7130481 32778.43 202.3572
bdf-L1-sci.00000308.cat 300.0487653 +22.7130641 32849.82 202.5845
bdf-L1-sci.00000309.cat 300.0486764 +22.7130698 33156.6 203.1002
bdf-L1-sci.00000310.cat 300.0487232 +22.7130964 32899.39 202.6624
bdf-L1-sci.00000311.cat 300.0487685 +22.7130451 32462.19 202.0674
bdf-L1-sci.00000312.cat 300.0486867 +22.7134881 33264.7 203.4741
bdf-L1-sci.00000313.cat 300.0486886 +22.7130644 32831.75 202.9148
bdf-L1-sci.00000314.cat 300.0487016 +22.7130659 32782.4 203.0904
bdf-L1-sci.00000315.cat 300.0486694 +22.7130342 33243.59 203.4501
bdf-L1-sci.00000316.cat 300.0487300 +22.7130451 32960.11 202.9247
bdf-L1-sci.00000317.cat 300.0486969 +22.7130154 32925.09 203.3439
bdf-L1-sci.00000318.cat 300.0487121 +22.7129826 32878.85 203.2817
bdf-L1-sci.00000319.cat 300.0487190 +22.7130582 32900.59 202.2757
bdf-L1-sci.00000320.cat 300.0487686 +22.7135047 32808.4 202.5505
bdf-L1-sci.00000321.cat 300.0487081 +22.7130550 33198.31 202.6901
bdf-L1-sci.00000322.cat 300.0487245 +22.7130741 32982.74 202.4609
bdf-L1-sci.00000323.cat 300.0487464 +22.7134475 32742.36 202.3048
bdf-L1-sci.00000324.cat 300.0487455 +22.7134706 33122.49 202.8918
bdf-L1-sci.00000325.cat 300.0487375 +22.7134366 32970.86 202.6041
bdf-L1-sci.00000326.cat 300.0487237 +22.7134565 32820.63 202.7855
bdf-L1-sci.00000327.cat 300.0487052 +22.7134595 33121 202.8773
bdf-L1-sci.00000328.cat 300.0487147 +22.7130267 33252.36 203.1998
bdf-L1-sci.00000329.cat 300.0486751 +22.7130609 32763.76 202.4665
bdf-L1-sci.00000330.cat 300.0486971 +22.7130550 33116.2 202.9113
bdf-L1-sci.00000331.cat 300.0487246 +22.7134401 33379.55 203.4529
bdf-L1-sci.00000332.cat 300.0486549 +22.7130774 32486.92 202.6868
bdf-L1-sci.00000333.cat 300.0487069 +22.7130332 32961.97 203.4109
bdf-L1-sci.00000334.cat 300.0486922 +22.7130399 32980.02 203.2483
bdf-L1-sci.00000335.cat 300.0487153 +22.7130791 33146.17 203.2607
bdf-L1-sci.00000336.cat 300.0486699 +22.7130456 33069.86 203.2823
bdf-L1-sci.00000337.cat 300.0486994 +22.7130446 32833.15 202.8887
bdf-L1-sci.00000338.cat 300.0486704 +22.7130715 32725.54 202.7608
bdf-L1-sci.00000339.cat 300.0486495 +22.7130410 33070.47 203.4252
bdf-L1-sci.00000340.cat 300.0487023 +22.7130321 33002.57 202.8766
bdf-L1-sci.00000341.cat 300.0487070 +22.7134289 32821.44 202.8706
bdf-L1-sci.00000342.cat 300.0487184 +22.7130668 33167.23 203.3372
bdf-L1-sci.00000343.cat 300.0487591 +22.7130244 33383 203.7463
bdf-L1-sci.00000344.cat 300.0486953 +22.7130729 33242.88 203.7863
bdf-L1-sci.00000345.cat 300.0486712 +22.7134473 33156.74 203.3821
bdf-L1-sci.00000346.cat 300.0487239 +22.7130841 33166.98 203.5632
bdf-L1-sci.00000347.cat 300.0487170 +22.7134484 32930.73 203.2802
bdf-L1-sci.00000348.cat 300.0487665 +22.7134419 33495.48 204.5109
bdf-L1-sci.00000349.cat 300.0487598 +22.7134500 33280.25 203.486
bdf-L1-sci.00000350.cat 300.0486928 +22.7130732 32895.22 203.6698
bdf-L1-sci.00000351.cat 300.0487571 +22.7130597 33262.75 203.9645
bdf-L1-sci.00000352.cat 300.0487226 +22.7130346 33304.97 203.9246
bdf-L1-sci.00000353.cat 300.0486909 +22.7134484 32826.86 203.7968
bdf-L1-sci.00000354.cat 300.0486844 +22.7130506 33184.18 203.7951
bdf-L1-sci.00000355.cat 300.0486706 +22.7130662 32798.18 203.1489
bdf-L1-sci.00000356.cat 300.0487342 +22.7130603 32887.42 203.301
bdf-L1-sci.00000357.cat 300.0486991 +22.7130633 33149.17 203.7809
bdf-L1-sci.00000358.cat 300.0487074 +22.7130542 33197.71 203.9639
bdf-L1-sci.00000359.cat 300.0487145 +22.7134424 32626.66 203.2533
bdf-L1-sci.00000360.cat 300.0486750 +22.7130520 33075.21 203.6358
bdf-L1-sci.00000361.cat 300.0486908 +22.7130653 33204.21 203.6103
bdf-L1-sci.00000362.cat 300.0486901 +22.7134717 32983.2 203.5804
bdf-L1-sci.00000363.cat 300.0487608 +22.7130399 33059.09 203.9379
bdf-L1-sci.00000364.cat 300.0487008 +22.7130472 32746.83 203.1929
bdf-L1-sci.00000365.cat 300.0486844 +22.7130302 32957.71 203.7065
bdf-L1-sci.00000366.cat 300.0487084 +22.7134749 32837 203.5498
bdf-L1-sci.00000367.cat 300.0486982 +22.7130636 33293.94 204.4028
bdf-L1-sci.00000368.cat 300.0487224 +22.7130277 32900.71 203.556
bdf-L1-sci.00000369.cat 300.0486453 +22.7131491 32870.83 203.9341
bdf-L1-sci.00000370.cat 300.0487259 +22.7130629 32789.36 203.298
bdf-L1-sci.00000371.cat 300.0487768 +22.7134699 32765.49 203.5661
bdf-L1-sci.00000372.cat 300.0487527 +22.7130974 32679.56 203.6901
bdf-L1-sci.00000373.cat 300.0487288 +22.7134513 33112.61 204.1948
bdf-L1-sci.00000374.cat 300.0486876 +22.7130420 33013.37 204.0476
bdf-L1-sci.00000375.cat 300.0487149 +22.7130517 32916.91 203.5666
bdf-L1-sci.00000376.cat 300.0486624 +22.7130587 33259.55 204.2731
bdf-L1-sci.00000377.cat 300.0486817 +22.7130600 32634.88 203.2223
bdf-L1-sci.00000378.cat 300.0487107 +22.7134757 32744.97 203.8196
bdf-L1-sci.00000379.cat 300.0487088 +22.7130343 32815.5 203.8321
bdf-L1-sci.00000380.cat 300.0487552 +22.7134666 32590.04 204.0573
bdf-L1-sci.00000381.cat 300.0486785 +22.7130631 32821.75 203.7924
bdf-L1-sci.00000382.cat 300.0486651 +22.7130926 32921.99 204.5594
bdf-L1-sci.00000383.cat 300.0487269 +22.7134465 32564.96 203.8001
bdf-L1-sci.00000384.cat 300.0487007 +22.7130518 33028.9 204.4372
bdf-L1-sci.00000385.cat 300.0487392 +22.7134511 32832.9 204.6357
bdf-L1-sci.00000386.cat 300.0487567 +22.7130558 32779.8 203.7984
bdf-L1-sci.00000387.cat 300.0487290 +22.7134473 32423.98 204.1642
bdf-L1-sci.00000388.cat 300.0487271 +22.7130448 32901.64 204.2314
bdf-L1-sci.00000389.cat 300.0487313 +22.7130725 32751.09 204.491
bdf-L1-sci.00000390.cat 300.0487171 +22.7130664 32510.59 203.8486
bdf-L1-sci.00000391.cat 300.0486840 +22.7130583 32561.32 204.0152
bdf-L1-sci.00000392.cat 300.0487102 +22.7134309 32784.34 204.215
bdf-L1-sci.00000393.cat 300.0487371 +22.7130941 32622.31 204.2073
bdf-L1-sci.00000394.cat 300.0487168 +22.7134284 32564.88 204.2237
bdf-L1-sci.00000395.cat 300.0486808 +22.7130665 32888.82 204.614
bdf-L1-sci.00000396.cat 300.0487066 +22.7130499 33199.22 204.7317
bdf-L1-sci.00000397.cat 300.0486577 +22.7130642 32831.96 204.1451
bdf-L1-sci.00000398.cat 300.0487407 +22.7134292 32676.28 204.2516
bdf-L1-sci.00000399.cat 300.0487023 +22.7130773 32263.88 204.4131
bdf-L1-sci.00000400.cat 300.0487108 +22.7130300 32326.12 203.9977
bdf-L1-sci.00000401.cat 300.0486977 +22.7130367 33139.21 205.0133
bdf-L1-sci.00000402.cat 300.0487004 +22.7130714 32532.75 204.0259
bdf-L1-sci.00000403.cat 300.0487191 +22.7134477 32646.76 204.8308
bdf-L1-sci.00000404.cat 300.0486474 +22.7130384 32313.16 203.6317
bdf-L1-sci.00000405.cat 300.0487376 +22.7134576 32614.67 204.6888
bdf-L1-sci.00000406.cat 300.0488115 +22.7130130 32943.4 205.0712
bdf-L1-sci.00000407.cat 300.0487290 +22.7130632 32905.2 206.4865
bdf-L1-sci.00000408.cat 300.0487181 +22.7130261 32481.05 205.2433
bdf-L1-sci.00000409.cat 300.0487206 +22.7134170 32287.37 205.3654
bdf-L1-sci.00000410.cat 300.0487422 +22.7130851 32658.52 205.6021
bdf-L1-sci.00000411.cat 300.0486908 +22.7130529 32524.07 205.2906
bdf-L1-sci.00000412.cat 300.0486758 +22.7130540 32593.33 205.3082
bdf-L1-sci.00000413.cat 300.0487298 +22.7130538 32220.67 204.9201
bdf-L1-sci.00000414.cat 300.0486732 +22.7130526 32590.16 205.3935
bdf-L1-sci.00000415.cat 300.0487378 +22.7134549 32675.72 205.9449
bdf-L1-sci.00000416.cat 300.0486407 +22.7134407 32127.93 205.716
bdf-L1-sci.00000417.cat 300.0487090 +22.7130325 32400.94 205.0424
bdf-L1-sci.00000418.cat 300.0487193 +22.7130815 32802.61 205.8024
bdf-L1-sci.00000419.cat 300.0487499 +22.7134340 32476.12 205.0864
bdf-L1-sci.00000420.cat 300.0487095 +22.7130777 32009.34 204.7724
bdf-L1-sci.00000421.cat 300.0487342 +22.7130288 32162.33 204.9656
bdf-L1-sci.00000422.cat 300.0486728 +22.7130257 31812.62 205.4581
bdf-L1-sci.00000423.cat 300.0487670 +22.7130581 32262.58 206.205
bdf-L1-sci.00000424.cat 300.0487263 +22.7130137 32032.75 206.1076
bdf-L1-sci.00000425.cat 300.0487615 +22.7130252 31579.06 205.7337
bdf-L1-sci.00000426.cat 300.0487106 +22.7130587 31857.69 205.5679
bdf-L1-sci.00000427.cat 300.0487169 +22.7130419 32176.2 205.4385
bdf-L1-sci.00000428.cat 300.0486958 +22.7131367 31895.51 205.9473
bdf-L1-sci.00000429.cat 300.0488010 +22.7130995 32185.81 206.1423
bdf-L1-sci.00000430.cat 300.0487117 +22.7130410 31852.74 205.9232
bdf-L1-sci.00000431.cat 300.0487296 +22.7130534 32322.47 206.2957
bdf-L1-sci.00000432.cat 300.0487589 +22.7131079 31782.74 205.8678
bdf-L1-sci.00000433.cat 300.0487179 +22.7130735 32009.87 206.1545
bdf-L1-sci.00000434.cat 300.0487103 +22.7131129 32074.67 206.0992
bdf-L1-sci.00000435.cat 300.0487222 +22.7130901 32339.75 205.7989
bdf-L1-sci.00000436.cat 300.0487208 +22.7131109 32242.12 204.9337
bdf-L1-sci.00000437.cat 300.0487155 +22.7130894 32419.5 205.6685
bdf-L1-sci.00000438.cat 300.0487553 +22.7130761 32095.66 205.4527
bdf-L1-sci.00000439.cat 300.0487211 +22.7130350 32196.92 205.6678
bdf-L1-sci.00000440.cat 300.0487343 +22.7130735 31911.83 205.1756
bdf-L1-sci.00000441.cat 300.0486926 +22.7130377 32171.85 205.3854
bdf-L1-sci.00000442.cat 300.0487462 +22.7130779 32090.01 205.2437
bdf-L1-sci.00000443.cat 300.0487444 +22.7130560 32201.96 205.3576
bdf-L1-sci.00000444.cat 300.0486933 +22.7130434 32194.2 205.9014
bdf-L1-sci.00000445.cat 300.0487509 +22.7130890 32017.81 205.5436
bdf-L1-sci.00000446.cat 300.0487511 +22.7130688 32158.1 205.4708
bdf-L1-sci.00000447.cat 300.0486392 +22.7131621 32800.76 206.5758
bdf-L1-sci.00000448.cat 300.0487445 +22.7130795 31741.33 205.105
bdf-L1-sci.00000449.cat 300.0487301 +22.7131123 31771.31 205.0285
bdf-L1-sci.00000450.cat 300.0487055 +22.7131244 31748.15 204.8246
bdf-L1-sci.00000451.cat 300.0487794 +22.7130913 32239 205.8675
bdf-L1-sci.00000452.cat 300.0487488 +22.7130980 32277.09 206.1484
bdf-L1-sci.00000453.cat 300.0487370 +22.7131257 31780.7 205.4729
bdf-L1-sci.00000454.cat 300.0487613 +22.7130944 31878.95 205.8036
bdf-L1-sci.00000455.cat 300.0487757 +22.7131441 31794.2 205.3379
bdf-L1-sci.00000456.cat 300.0487452 +22.7130698 31585.24 205.0353
bdf-L1-sci.00000457.cat 300.0487029 +22.7131229 31840.01 205.6942
bdf-L1-sci.00000458.cat 300.0487619 +22.7130783 31704.45 205.6045
bdf-L1-sci.00000459.cat 300.0487146 +22.7130866 31946.28 205.8811
bdf-L1-sci.00000460.cat 300.0487402 +22.7130483 31780.91 206.1039
bdf-L1-sci.00000461.cat 300.0487656 +22.7130846 32172.15 206.7383
bdf-L1-sci.00000462.cat 300.0486918 +22.7131515 31701.37 206.5643
bdf-L1-sci.00000463.cat 300.0488997 +22.7130758 31254.72 206.6995
bdf-L1-sci.00000464.cat 300.0487863 +22.7134442 31598.72 206.8683
bdf-L1-sci.00000465.cat 300.0487243 +22.7130588 31838.6 207.6015
bdf-L1-sci.00000466.cat 300.0486862 +22.7130785 31924.6 207.4653
bdf-L1-sci.00000467.cat 300.0487647 +22.7130858 31642.9 207.3977
bdf-L1-sci.00000468.cat 300.0487183 +22.7130872 31193.29 206.86
bdf-L1-sci.00000469.cat 300.0487073 +22.7131027 30945.92 207.1973
bdf-L1-sci.00000470.cat 300.0487455 +22.7131078 31037.66 207.0418
bdf-L1-sci.00000471.cat 300.0488061 +22.7130484 30805.92 207.6533
bdf-L1-sci.00000472.cat 300.0487042 +22.7130565 30961.37 207.5013
bdf-L1-sci.00000473.cat 300.0487177 +22.7130809 30962.77 207.4275
bdf-L1-sci.00000474.cat 300.0487081 +22.7130754 30880.04 207.5588
bdf-L1-sci.00000475.cat 300.0487890 +22.7131444 30415 207.3631
bdf-L1-sci.00000476.cat 300.0487178 +22.7131164 30721.93 207.4893
bdf-L1-sci.00000477.cat 300.0486812 +22.7131105 30460.02 207.8173
bdf-L1-sci.00000478.cat 300.0487354 +22.7130816 30407.42 206.9473
bdf-L1-sci.00000479.cat 300.0487818 +22.7130982 30595.59 207.409
bdf-L1-sci.00000480.cat 300.0487662 +22.7131050 30759.81 207.6705
bdf-L1-sci.00000481.cat 300.0487617 +22.7130930 31403.11 207.8365
bdf-L1-sci.00000482.cat 300.0486842 +22.7131042 31111.65 208.4487
bdf-L1-sci.00000483.cat 300.0487526 +22.7130807 31427.74 208.1187
bdf-L1-sci.00000484.cat 300.0486816 +22.7130619 31268.44 208.0407
bdf-L1-sci.00000485.cat 300.0487437 +22.7130806 31312.91 205.6826
bdf-L1-sci.00000486.cat 300.0488209 +22.7130382 31250.22 205.5598
bdf-L1-sci.00000487.cat 300.0487036 +22.7130841 31159.81 205.9226
bdf-L1-sci.00000488.cat 300.0487076 +22.7131181 31107.12 206.1665
bdf-L1-sci.00000489.cat 300.0487016 +22.7131061 30808.71 205.7495
bdf-L1-sci.00000490.cat 300.0488091 +22.7130792 31276.88 206.6666
bdf-L1-sci.00000491.cat 300.0487216 +22.7130803 31030.13 205.9924
bdf-L1-sci.00000492.cat 300.0487362 +22.7130636 31534.81 206.0982
bdf-L1-sci.00000493.cat 300.0487473 +22.7130910 30849.94 206.1848
bdf-L1-sci.00000494.cat 300.0486759 +22.7130738 31048.88 206.0363
bdf-L1-sci.00000495.cat 300.0487481 +22.7130713 31593.46 206.3642
bdf-L1-sci.00000496.cat 300.0487643 +22.7130997 31013.04 206.5114
bdf-L1-sci.00000497.cat 300.0486986 +22.7131036 30816.55 206.271
bdf-L1-sci.00000498.cat 300.0487010 +22.7130809 31224.16 206.2279
bdf-L1-sci.00000499.cat 300.0487287 +22.7130852 31248.6 206.8809
bdf-L1-sci.00000500.cat 300.0487406 +22.7130864 31735.28 207.0244
bdf-L1-sci.00000501.cat 300.0487327 +22.7131007 31478.8 206.9149
bdf-L1-sci.00000502.cat 300.0487137 +22.7130660 31599.42 207.3605
bdf-L1-sci.00000503.cat 300.0487651 +22.7130726 31006.52 205.8614
bdf-L1-sci.00000504.cat 300.0487494 +22.7131016 30837.01 205.7642
bdf-L1-sci.00000505.cat 300.0487463 +22.7130600 31150.69 206.4072
bdf-L1-sci.00000506.cat 300.0487670 +22.7131391 31074.48 205.9101
bdf-L1-sci.00000507.cat 300.0487014 +22.7131399 30696.43 205.6918
bdf-L1-sci.00000508.cat 300.0487292 +22.7130849 31317.15 206.1355
bdf-L1-sci.00000509.cat 300.0487278 +22.7130846 31216.22 206.2172
bdf-L1-sci.00000510.cat 300.0486981 +22.7130895 30966.68 205.801
bdf-L1-sci.00000511.cat 300.0487176 +22.7131137 31247.63 205.2838
bdf-L1-sci.00000512.cat 300.0487317 +22.7130520 30653.69 204.624
bdf-L1-sci.00000513.cat 300.0487072 +22.7130825 30613.59 204.078
bdf-L1-sci.00000514.cat 300.0487388 +22.7131143 30797.9 205.0599
bdf-L1-sci.00000515.cat 300.0487265 +22.7130595 30360.83 204.3925
bdf-L1-sci.00000516.cat 300.0487299 +22.7130669 31571.17 206.1562
bdf-L1-sci.00000517.cat 300.0487403 +22.7131037 30577.6 205.3116
bdf-L1-sci.00000518.cat 300.0487402 +22.7130740 30858.57 205.9498
bdf-L1-sci.00000519.cat 300.0487358 +22.7131082 30543.69 205.9683
bdf-L1-sci.00000520.cat 300.0487364 +22.7131157 31134.1 206.6365
bdf-L1-sci.00000521.cat 300.0486863 +22.7131136 30836.18 205.9475
bdf-L1-sci.00000522.cat 300.0487258 +22.7131165 30819.55 205.192
bdf-L1-sci.00000523.cat 300.0487560 +22.7131207 30336.3 204.7458
bdf-L1-sci.00000524.cat 300.0488382 +22.7130564 30462.86 205.4583
bdf-L1-sci.00000525.cat 300.0487401 +22.7130978 30895.28 205.3984
bdf-L1-sci.00000526.cat 300.0487038 +22.7131383 30539.22 205.4293
bdf-L1-sci.00000527.cat 300.0487644 +22.7130868 30375.79 205.1226
bdf-L1-sci.00000528.cat 300.0487457 +22.7131089 30560.83 205.1757
bdf-L1-sci.00000529.cat 300.0487694 +22.7131557 30639.76 205.1895
bdf-L1-sci.00000530.cat 300.0487503 +22.7131147 30473.98 205.3331
bdf-L1-sci.00000531.cat 300.0487615 +22.7131007 30580.29 205.1908
bdf-L1-sci.00000532.cat 300.0487758 +22.7131468 30367.5 204.8319
bdf-L1-sci.00000533.cat 300.0487707 +22.7130814 31001.38 205.5866
bdf-L1-sci.00000534.cat 300.0487572 +22.7130836 30382.86 205.176
bdf-L1-sci.00000535.cat 300.0487365 +22.7131431 30541.77 205.8545
bdf-L1-sci.00000536.cat 300.0487788 +22.7130996 30166.51 205.1689
bdf-L1-sci.00000538.cat 300.0487735 +22.7130750 30076.65 204.1479
bdf-L1-sci.00000539.cat 300.0488043 +22.7131422 30165.49 204.3329
bdf-L1-sci.00000540.cat 300.0486926 +22.7130806 31078.6 205.1268
bdf-L1-sci.00000541.cat 300.0488615 +22.7130988 30452.79 204.5356
bdf-L1-sci.00000542.cat 300.0487046 +22.7130966 30530.12 204.4463
bdf-L1-sci.00000543.cat 300.0489422 +22.7130730 30671.51 204.9706
bdf-L1-sci.00000544.cat 300.0488251 +22.7130784 30450.95 205.4836
bdf-L1-sci.00000545.cat 300.0487491 +22.7130890 29872.06 204.8821
bdf-L1-sci.00000546.cat 300.0487650 +22.7130872 20206.93 197.9901
bdf-L1-sci.00000547.cat 300.0486800 +22.7130556 11671.99 191.4664
bdf-L1-sci.00000548.cat 300.0487447 +22.7131163 8457.235 185.8863
bdf-L1-sci.00000549.cat 300.0487304 +22.7131945 8236.823 186.7462
bdf-L1-sci.00000561.cat 300.0487386 +22.7131005 22529.37 201.6322
bdf-L1-sci.00000562.cat 300.0487564 +22.7130722 29941.05 205.1946
bdf-L1-sci.00000563.cat 300.0487479 +22.7130771 30056.59 204.9581
bdf-L1-sci.00000564.cat 300.0487505 +22.7130742 29208.98 204.1394
bdf-L1-sci.00000566.cat 300.0487651 +22.7131123 28963.56 203.4491
bdf-L1-sci.00000567.cat 300.0487855 +22.7130899 30391.62 204.8726
bdf-L1-sci.00000568.cat 300.0487411 +22.7130938 30308.66 204.8771
bdf-L1-sci.00000569.cat 300.0487338 +22.7131102 30549.3 205.1085
bdf-L1-sci.00000570.cat 300.0487516 +22.7130641 30500.59 205.1935
bdf-L1-sci.00000571.cat 300.0487482 +22.7131137 29527.43 204.1761
bdf-L1-sci.00000572.cat 300.0487588 +22.7130688 28951.51 202.9812
bdf-L1-sci.00000573.cat 300.0487444 +22.7131135 30168.38 204.6564
bdf-L1-sci.00000574.cat 300.0487378 +22.7131507 30383.48 204.7671
bdf-L1-sci.00000575.cat 300.0487212 +22.7131197 29625.75 204.0076
bdf-L1-sci.00000576.cat 300.0487669 +22.7131479 30211.22 205.0614
bdf-L1-sci.00000577.cat 300.0487558 +22.7131475 30297.31 204.986
bdf-L1-sci.00000578.cat 300.0487679 +22.7131017 30562.29 205.3137
bdf-L1-sci.00000579.cat 300.0487385 +22.7130960 30150.53 205.1215
bdf-L1-sci.00000580.cat 300.0488896 +22.7130791 30239.58 205.0751
bdf-L1-sci.00000581.cat 300.0487819 +22.7130461 30016.49 204.6304
bdf-L1-sci.00000582.cat 300.0486715 +22.7131169 30387.78 205.4895
bdf-L1-sci.00000583.cat 300.0487516 +22.7130612 30120.64 204.8997
bdf-L1-sci.00000584.cat 300.0487438 +22.7130984 30142.54 205.1859
bdf-L1-sci.00000585.cat 300.0488452 +22.7131796 30080.46 204.8555
bdf-L1-sci.00000586.cat 300.0486988 +22.7134353 30306.61 205.1807
bdf-L1-sci.00000587.cat 300.0487032 +22.7130817 30398.94 205.212
bdf-L1-sci.00000588.cat 300.0486987 +22.7130954 30281.39 205.3584
bdf-L1-sci.00000589.cat 300.0487564 +22.7130806 30217.35 205.2552
bdf-L1-sci.00000590.cat 300.0487203 +22.7130935 30169.06 205.1653
bdf-L1-sci.00000591.cat 300.0486860 +22.7130871 30342.78 205.3094
bdf-L1-sci.00000592.cat 300.0486854 +22.7130615 30322.8 205.3099
bdf-L1-sci.00000593.cat 300.0487426 +22.7130824 30333.13 205.5776
bdf-L1-sci.00000594.cat 300.0487469 +22.7131174 30390.68 205.4968
