bdf-L1-sci.00000001.cat 300.0257720 +22.7046725 58755.5 232.2699
bdf-L1-sci.00000002.cat 300.0257794 +22.7046997 58291.63 231.384
bdf-L1-sci.00000003.cat 300.0257834 +22.7046649 58856.27 231.6797
bdf-L1-sci.00000004.cat 300.0257145 +22.7046793 58885.55 231.9906
bdf-L1-sci.00000005.cat 300.0257764 +22.7047214 58918.28 232.1053
bdf-L1-sci.00000006.cat 300.0257551 +22.7047421 58217.95 231.587
bdf-L1-sci.00000007.cat 300.0257998 +22.7047982 58625.7 232.4311
bdf-L1-sci.00000008.cat 300.0257850 +22.7047613 57904.96 231.8829
bdf-L1-sci.00000009.cat 300.0257749 +22.7048202 57777.84 231.7605
bdf-L1-sci.00000010.cat 300.0257922 +22.7047628 57748.25 231.6364
bdf-L1-sci.00000011.cat 300.0259902 +22.7048072 57940.65 232.3147
bdf-L1-sci.00000012.cat 300.0257849 +22.7047857 57839.98 231.4675
bdf-L1-sci.00000013.cat 300.0257370 +22.7047458 57997.43 231.4612
bdf-L1-sci.00000014.cat 300.0257848 +22.7047979 58046.86 231.2048
bdf-L1-sci.00000015.cat 300.0258263 +22.7047893 57604.88 231.8878
bdf-L1-sci.00000016.cat 300.0257877 +22.7047355 58266.5 232.9013
bdf-L1-sci.00000017.cat 300.0257894 +22.7047934 58268.56 232.5663
bdf-L1-sci.00000018.cat 300.0257602 +22.7047741 58134.25 231.5531
bdf-L1-sci.00000019.cat 300.0258811 +22.7048622 57992.96 230.5703
bdf-L1-sci.00000020.cat 300.0257952 +22.7047743 57783.68 230.001
bdf-L1-sci.00000021.cat 300.0258227 +22.7047700 57867.23 231.2337
bdf-L1-sci.00000022.cat 300.0258138 +22.7047367 57971.07 230.4708
bdf-L1-sci.00000023.cat 300.0258165 +22.7047338 57978.57 230.9886
bdf-L1-sci.00000024.cat 300.0256954 +22.7043694 57946.52 231.1414
bdf-L1-sci.00000025.cat 300.0258336 +22.7048062 58139.23 231.1617
bdf-L1-sci.00000026.cat 300.0258012 +22.7047483 57555.57 230.6249
bdf-L1-sci.00000027.cat 300.0253494 +22.7048516 58094.63 231.5439
bdf-L1-sci.00000028.cat 300.0257756 +22.7047826 58047.93 231.2347
bdf-L1-sci.00000029.cat 300.0258280 +22.7047303 58069.96 231.2912
bdf-L1-sci.00000030.cat 300.0257694 +22.7047683 58147.16 231.5405
bdf-L1-sci.00000031.cat 300.0257698 +22.7047680 58016.48 231.6822
bdf-L1-sci.00000032.cat 300.0258578 +22.7047819 58377.05 231.54
bdf-L1-sci.00000033.cat 300.0257842 +22.7048052 58113.23 231.696
bdf-L1-sci.00000034.cat 300.0258111 +22.7047620 58051.99 231.0629
bdf-L1-sci.00000035.cat 300.0257858 +22.7047998 58558.92 231.6456
bdf-L1-sci.00000036.cat 300.0257668 +22.7047517 57821.68 231.1593
bdf-L1-sci.00000037.cat 300.0258490 +22.7047381 58156.91 231.4716
bdf-L1-sci.00000038.cat 300.0257993 +22.7048057 58373.19 231.6232
bdf-L1-sci.00000039.cat 300.0257678 +22.7047441 58560 231.6853
bdf-L1-sci.00000040.cat 300.0257974 +22.7047422 58510.7 231.9937
bdf-L1-sci.00000041.cat 300.0257839 +22.7047519 58181.13 230.7551
bdf-L1-sci.00000042.cat 300.0257752 +22.7048005 57913.34 230.9323
bdf-L1-sci.00000043.cat 300.0257650 +22.7047493 58335.36 231.2902
bdf-L1-sci.00000044.cat 300.0258077 +22.7047769 58188.14 231.1793
bdf-L1-sci.00000045.cat 300.0258209 +22.7047505 58110.83 230.8696
bdf-L1-sci.00000046.cat 300.0258306 +22.7047064 58475.62 231.7296
bdf-L1-sci.00000047.cat 300.0257893 +22.7047357 58243.11 231.104
bdf-L1-sci.00000048.cat 300.0257906 +22.7047533 58565.08 231.7597
bdf-L1-sci.00000049.cat 300.0257562 +22.7047526 58175.57 231.3556
bdf-L1-sci.00000050.cat 300.0257252 +22.7047964 58008.74 231.4152
bdf-L1-sci.00000051.cat 300.0258631 +22.7047762 58227.8 231.2291
bdf-L1-sci.00000052.cat 300.0257382 +22.7047438 58207.85 231.1938
bdf-L1-sci.00000053.cat 300.0257988 +22.7048080 58140.2 231.325
bdf-L1-sci.00000054.cat 300.0257776 +22.7047426 57737.88 230.7117
bdf-L1-sci.00000055.cat 300.0257862 +22.7047523 58841.04 231.898
bdf-L1-sci.00000056.cat 300.0258100 +22.7048140 58407.97 231.9392
bdf-L1-sci.00000057.cat 300.0258349 +22.7046786 58436.69 231.6307
bdf-L1-sci.00000058.cat 300.0257976 +22.7047172 58467.06 231.7452
bdf-L1-sci.00000059.cat 300.0257667 +22.7047189 58211.67 231.67
bdf-L1-sci.00000060.cat 300.0257530 +22.7047642 58127.83 230.8734
bdf-L1-sci.00000061.cat 300.0257993 +22.7047531 58191.99 231.053
bdf-L1-sci.00000062.cat 300.0257995 +22.7047334 58571.31 231.3644
bdf-L1-sci.00000064.cat 300.0257666 +22.7047113 58637.96 231.8552
bdf-L1-sci.00000065.cat 300.0257614 +22.7047249 58397.26 233.1517
bdf-L1-sci.00000066.cat 300.0257898 +22.7047401 58569.08 232.3073
bdf-L1-sci.00000067.cat 300.0257612 +22.7047330 58320.82 231.3816
bdf-L1-sci.00000068.cat 300.0258331 +22.7047832 57864.61 230.9138
bdf-L1-sci.00000069.cat 300.0257510 +22.7047845 58463.23 231.5787
bdf-L1-sci.00000070.cat 300.0257303 +22.7047382 58192.82 231.0246
bdf-L1-sci.00000071.cat 300.0257810 +22.7047427 58472.57 231.6369
bdf-L1-sci.00000072.cat 300.0257984 +22.7047288 57856.91 231.0968
bdf-L1-sci.00000073.cat 300.0257687 +22.7047586 57835.1 230.5608
bdf-L1-sci.00000074.cat 300.0257844 +22.7047576 58139.09 230.8043
bdf-L1-sci.00000075.cat 300.0257913 +22.7047427 57933.87 230.969
bdf-L1-sci.00000076.cat 300.0258591 +22.7047536 57847.73 230.434
bdf-L1-sci.00000077.cat 300.0257953 +22.7047776 58080.42 230.7359
bdf-L1-sci.00000078.cat 300.0258154 +22.7047966 58020.89 230.9262
bdf-L1-sci.00000079.cat 300.0258142 +22.7047822 57870.74 230.4389
bdf-L1-sci.00000080.cat 300.0258179 +22.7047829 57866.69 230.8287
bdf-L1-sci.00000081.cat 300.0257740 +22.7047500 58268.49 230.9217
bdf-L1-sci.00000082.cat 300.0258337 +22.7047724 58154.14 230.572
bdf-L1-sci.00000083.cat 300.0258896 +22.7046206 57565.58 230.0346
bdf-L1-sci.00000084.cat 300.0257600 +22.7048157 57661.63 230.234
bdf-L1-sci.00000085.cat 300.0258293 +22.7047834 57172.96 229.8853
bdf-L1-sci.00000086.cat 300.0257864 +22.7048028 58131.57 231.1289
bdf-L1-sci.00000087.cat 300.0257994 +22.7047864 57551.83 230.1868
bdf-L1-sci.00000088.cat 300.0257828 +22.7047701 57647.78 230.32
bdf-L1-sci.00000089.cat 300.0257960 +22.7047743 58098.46 230.7655
bdf-L1-sci.00000090.cat 300.0258123 +22.7047406 57792.45 230.3022
bdf-L1-sci.00000091.cat 300.0258139 +22.7047414 58070.5 230.7188
bdf-L1-sci.00000092.cat 300.0258258 +22.7047860 57014.64 230.0398
bdf-L1-sci.00000093.cat 300.0257885 +22.7047294 58164.2 231.135
bdf-L1-sci.00000095.cat 300.0258004 +22.7052113 58329.88 231.5483
bdf-L1-sci.00000096.cat 300.0258009 +22.7047479 58329.05 231.3231
bdf-L1-sci.00000097.cat 300.0257833 +22.7047547 58540.54 231.1703
bdf-L1-sci.00000098.cat 300.0257565 +22.7047672 58346.05 230.6013
bdf-L1-sci.00000099.cat 300.0257605 +22.7047269 57761.9 229.9989
bdf-L1-sci.00000100.cat 300.0257766 +22.7047579 57954.07 230.2063
bdf-L1-sci.00000101.cat 300.0257789 +22.7047495 57907.16 230.08
bdf-L1-sci.00000102.cat 300.0257981 +22.7047523 57966.37 230.9698
bdf-L1-sci.00000103.cat 300.0257592 +22.7047678 58051.73 231.293
bdf-L1-sci.00000104.cat 300.0258013 +22.7047412 58292.98 231.1225
bdf-L1-sci.00000105.cat 300.0257601 +22.7047723 57905.87 230.126
bdf-L1-sci.00000106.cat 300.0258217 +22.7047409 57619 229.6395
bdf-L1-sci.00000107.cat 300.0258042 +22.7047296 58006.09 230.0107
bdf-L1-sci.00000108.cat 300.0258086 +22.7051607 57834.69 230.0661
bdf-L1-sci.00000109.cat 300.0257737 +22.7047131 57989.18 230.4509
bdf-L1-sci.00000110.cat 300.0258002 +22.7047505 57567.21 229.5611
bdf-L1-sci.00000111.cat 300.0258279 +22.7051694 57904.02 230.3735
bdf-L1-sci.00000112.cat 300.0258062 +22.7047789 58366.96 231.0291
bdf-L1-sci.00000113.cat 300.0257648 +22.7047418 58550.21 231.3632
bdf-L1-sci.00000114.cat 300.0258159 +22.7047651 58280.04 230.9316
bdf-L1-sci.00000115.cat 300.0257699 +22.7047371 57821.73 230.175
bdf-L1-sci.00000116.cat 300.0257923 +22.7047235 58138.41 230.6676
bdf-L1-sci.00000117.cat 300.0257500 +22.7047510 58039.46 230.6077
bdf-L1-sci.00000118.cat 300.0257746 +22.7051469 57758.56 230.1582
bdf-L1-sci.00000119.cat 300.0258223 +22.7047558 57953.13 230.6536
bdf-L1-sci.00000120.cat 300.0257948 +22.7047510 57598.72 230.134
bdf-L1-sci.00000121.cat 300.0258023 +22.7047831 57924.2 230.3442
bdf-L1-sci.00000122.cat 300.0257712 +22.7047989 57750 229.8512
bdf-L1-sci.00000123.cat 300.0258352 +22.7047472 57664.83 229.4517
bdf-L1-sci.00000124.cat 300.0257963 +22.7047768 57494.62 229.1595
bdf-L1-sci.00000125.cat 300.0257869 +22.7047647 57524.57 229.617
bdf-L1-sci.00000126.cat 300.0257944 +22.7047725 57206.56 229.1771
bdf-L1-sci.00000127.cat 300.0258401 +22.7047711 58026.04 230.2923
bdf-L1-sci.00000128.cat 300.0258241 +22.7047928 57485.62 229.5412
bdf-L1-sci.00000129.cat 300.0258195 +22.7047634 57587.54 229.8188
bdf-L1-sci.00000130.cat 300.0258252 +22.7048043 57521.59 229.4034
bdf-L1-sci.00000131.cat 300.0258072 +22.7047651 57804.25 229.7102
bdf-L1-sci.00000132.cat 300.0257644 +22.7047518 58042.99 230.182
bdf-L1-sci.00000133.cat 300.0257670 +22.7047675 57732.45 229.5213
bdf-L1-sci.00000134.cat 300.0257728 +22.7047958 57545.32 229.418
bdf-L1-sci.00000135.cat 300.0258131 +22.7047683 57612.46 229.7404
bdf-L1-sci.00000136.cat 300.0258087 +22.7047670 57812.4 229.7455
bdf-L1-sci.00000137.cat 300.0257956 +22.7047777 57612.6 229.242
bdf-L1-sci.00000138.cat 300.0257840 +22.7047374 57756.38 230.0233
bdf-L1-sci.00000139.cat 300.0257951 +22.7047460 57646.16 229.7032
bdf-L1-sci.00000140.cat 300.0258215 +22.7047716 57336.29 229.4187
bdf-L1-sci.00000141.cat 300.0258240 +22.7047754 57425.97 229.5289
bdf-L1-sci.00000142.cat 300.0257653 +22.7051770 57431.79 229.5518
bdf-L1-sci.00000143.cat 300.0258079 +22.7047676 57887.76 230.1474
bdf-L1-sci.00000144.cat 300.0258068 +22.7047168 58051.69 230.1019
bdf-L1-sci.00000145.cat 300.0257237 +22.7047214 57827.68 229.7953
bdf-L1-sci.00000146.cat 300.0257957 +22.7047554 57949.95 230.1199
bdf-L1-sci.00000147.cat 300.0258144 +22.7047618 57242.53 229.5117
bdf-L1-sci.00000148.cat 300.0257739 +22.7047377 57668.47 229.9067
bdf-L1-sci.00000149.cat 300.0257892 +22.7047600 57900.3 229.8362
bdf-L1-sci.00000150.cat 300.0258070 +22.7051351 57860 229.5242
bdf-L1-sci.00000151.cat 300.0257826 +22.7047458 57911.2 229.6608
bdf-L1-sci.00000152.cat 300.0258112 +22.7047768 57502.4 229.9243
bdf-L1-sci.00000153.cat 300.0258152 +22.7047786 57596.86 229.8951
bdf-L1-sci.00000154.cat 300.0257924 +22.7047847 57259.21 230.1362
bdf-L1-sci.00000155.cat 300.0258000 +22.7047574 57162.41 229.455
bdf-L1-sci.00000156.cat 300.0258017 +22.7050809 57528.8 230.3155
bdf-L1-sci.00000157.cat 300.0257871 +22.7047476 57635.84 229.7511
bdf-L1-sci.00000158.cat 300.0257738 +22.7047824 57632.33 229.7117
bdf-L1-sci.00000159.cat 300.0257836 +22.7047815 57400.03 229.5835
bdf-L1-sci.00000160.cat 300.0257578 +22.7047755 57986.12 230.5804
bdf-L1-sci.00000161.cat 300.0258258 +22.7047558 57543.73 229.8572
bdf-L1-sci.00000162.cat 300.0257871 +22.7047919 57273.33 229.2457
bdf-L1-sci.00000163.cat 300.0257884 +22.7047941 57417.73 229.7067
bdf-L1-sci.00000164.cat 300.0258900 +22.7047948 57518.96 229.8004
bdf-L1-sci.00000165.cat 300.0257847 +22.7051583 57521.72 229.9393
bdf-L1-sci.00000166.cat 300.0257651 +22.7047764 57779.7 229.9663
bdf-L1-sci.00000167.cat 300.0257808 +22.7047429 57725.61 229.7894
bdf-L1-sci.00000168.cat 300.0257774 +22.7047581 57698.52 230.2224
bdf-L1-sci.00000169.cat 300.0257644 +22.7047522 57838.34 230.1751
bdf-L1-sci.00000170.cat 300.0257781 +22.7047342 57320.65 229.4719
bdf-L1-sci.00000171.cat 300.0257633 +22.7047301 57617.7 229.6983
bdf-L1-sci.00000172.cat 300.0257904 +22.7047104 57458.34 229.253
bdf-L1-sci.00000173.cat 300.0257754 +22.7048193 57818.81 229.3851
bdf-L1-sci.00000174.cat 300.0257709 +22.7047711 57759.28 229.1765
bdf-L1-sci.00000175.cat 300.0257830 +22.7047302 57207.71 229.0368
bdf-L1-sci.00000176.cat 300.0258042 +22.7047553 57872.43 229.6519
bdf-L1-sci.00000177.cat 300.0257321 +22.7047531 57712.98 229.6897
bdf-L1-sci.00000178.cat 300.0257796 +22.7047565 57750.84 230.0016
bdf-L1-sci.00000179.cat 300.0257876 +22.7047356 57523.95 229.6191
bdf-L1-sci.00000180.cat 300.0258313 +22.7047556 57975.45 230.2041
bdf-L1-sci.00000181.cat 300.0258301 +22.7047668 57421.88 229.6486
bdf-L1-sci.00000182.cat 300.0258134 +22.7047026 57415.49 229.7928
bdf-L1-sci.00000183.cat 300.0258563 +22.7051576 57116.02 229.3496
bdf-L1-sci.00000184.cat 300.0257822 +22.7047168 57669.93 229.9195
bdf-L1-sci.00000185.cat 300.0257651 +22.7047450 57737.73 230.0181
bdf-L1-sci.00000186.cat 300.0257932 +22.7047554 57662.58 229.7237
bdf-L1-sci.00000187.cat 300.0257681 +22.7047511 57649.67 230.4061
bdf-L1-sci.00000188.cat 300.0258299 +22.7048165 57121.12 229.5773
bdf-L1-sci.00000189.cat 300.0258038 +22.7047740 57171.07 229.0577
bdf-L1-sci.00000190.cat 300.0257545 +22.7047260 57057.09 229.3923
bdf-L1-sci.00000191.cat 300.0257823 +22.7047857 57659.8 229.8849
bdf-L1-sci.00000192.cat 300.0257537 +22.7048164 56907.03 228.6719
bdf-L1-sci.00000193.cat 300.0258052 +22.7047939 57248.52 229.4433
bdf-L1-sci.00000194.cat 300.0257891 +22.7047290 57272.18 229.7401
bdf-L1-sci.00000195.cat 300.0257832 +22.7047678 57420.82 229.2343
bdf-L1-sci.00000196.cat 300.0257818 +22.7047854 57320.11 229.259
bdf-L1-sci.00000198.cat 300.0258413 +22.7051741 57693.16 229.6765
bdf-L1-sci.00000199.cat 300.0257502 +22.7047632 57137.54 229.0577
bdf-L1-sci.00000200.cat 300.0258136 +22.7047720 57016.64 229.5536
bdf-L1-sci.00000201.cat 300.0257945 +22.7047805 57314.69 229.3192
bdf-L1-sci.00000202.cat 300.0257488 +22.7047548 56781.67 228.9119
bdf-L1-sci.00000203.cat 300.0257322 +22.7047575 57562.55 229.919
bdf-L1-sci.00000204.cat 300.0257727 +22.7047396 57548.73 229.8674
bdf-L1-sci.00000205.cat 300.0257741 +22.7047488 57421.01 229.2848
bdf-L1-sci.00000206.cat 300.0257671 +22.7047480 57369.14 229.8887
bdf-L1-sci.00000207.cat 300.0258234 +22.7051425 57343.56 229.4568
bdf-L1-sci.00000208.cat 300.0257834 +22.7047424 57188.74 229.1828
bdf-L1-sci.00000209.cat 300.0257378 +22.7047324 57236.7 229.9021
bdf-L1-sci.00000210.cat 300.0257494 +22.7047252 57924.04 230.1639
bdf-L1-sci.00000211.cat 300.0257524 +22.7047482 57718.88 229.986
bdf-L1-sci.00000212.cat 300.0257824 +22.7047503 57163.51 228.8782
bdf-L1-sci.00000213.cat 300.0257772 +22.7047175 57202.8 229.265
bdf-L1-sci.00000214.cat 300.0257970 +22.7047628 57516.68 229.6085
bdf-L1-sci.00000215.cat 300.0257820 +22.7051370 56962.26 229.3605
bdf-L1-sci.00000216.cat 300.0257834 +22.7047490 56999.07 230.0967
bdf-L1-sci.00000217.cat 300.0258244 +22.7051511 57205.88 229.7413
bdf-L1-sci.00000218.cat 300.0257671 +22.7047480 57016.91 229.5354
bdf-L1-sci.00000219.cat 300.0257811 +22.7047487 57482.37 230.3858
bdf-L1-sci.00000220.cat 300.0257599 +22.7047281 57168.38 229.8723
bdf-L1-sci.00000221.cat 300.0258309 +22.7051465 57184.84 229.9987
bdf-L1-sci.00000222.cat 300.0257806 +22.7047909 56872.82 229.4395
bdf-L1-sci.00000223.cat 300.0257112 +22.7047462 57492.74 229.3362
bdf-L1-sci.00000224.cat 300.0257821 +22.7047516 56699.83 228.7846
bdf-L1-sci.00000225.cat 300.0257795 +22.7051441 57399.1 229.6988
bdf-L1-sci.00000226.cat 300.0257779 +22.7051519 57175.57 229.357
bdf-L1-sci.00000227.cat 300.0258221 +22.7050957 57136.63 229.285
bdf-L1-sci.00000228.cat 300.0257849 +22.7051103 57739.9 229.7739
bdf-L1-sci.00000229.cat 300.0257847 +22.7051470 56889.61 229.0149
bdf-L1-sci.00000230.cat 300.0258064 +22.7051108 57377.43 229.4327
bdf-L1-sci.00000231.cat 300.0257954 +22.7051656 57406.18 229.4555
bdf-L1-sci.00000232.cat 300.0257818 +22.7051332 57234.9 229.5527
bdf-L1-sci.00000233.cat 300.0258016 +22.7051555 56650.66 229.144
bdf-L1-sci.00000234.cat 300.0258041 +22.7051553 56837.5 229.1628
bdf-L1-sci.00000235.cat 300.0257926 +22.7051441 56767.09 228.8718
bdf-L1-sci.00000236.cat 300.0258061 +22.7051868 55339.93 227.3062
bdf-L1-sci.00000237.cat 300.0258010 +22.7051555 56971.13 229.1419
bdf-L1-sci.00000238.cat 300.0258192 +22.7051143 56948.64 229.0625
bdf-L1-sci.00000239.cat 300.0258232 +22.7051793 57362.25 229.8583
bdf-L1-sci.00000240.cat 300.0257807 +22.7051049 57092.66 229.5977
bdf-L1-sci.00000241.cat 300.0258138 +22.7051847 56999.74 231.4599
bdf-L1-sci.00000242.cat 300.0257728 +22.7051435 56841.62 232.6263
bdf-L1-sci.00000243.cat 300.0258022 +22.7051469 56653.27 229.3596
bdf-L1-sci.00000244.cat 300.0258022 +22.7051388 56981.16 229.6437
bdf-L1-sci.00000245.cat 300.0257959 +22.7051738 57162.37 230.1863
bdf-L1-sci.00000246.cat 300.0257957 +22.7051472 56839.6 229.4639
bdf-L1-sci.00000247.cat 300.0257818 +22.7052426 57218.09 229.8761
bdf-L1-sci.00000248.cat 300.0257806 +22.7051120 56763.65 229.1674
bdf-L1-sci.00000249.cat 300.0257872 +22.7051502 56988.03 229.7643
bdf-L1-sci.00000250.cat 300.0257921 +22.7051457 56901.34 228.9787
bdf-L1-sci.00000251.cat 300.0257653 +22.7051698 56422.38 228.7239
bdf-L1-sci.00000252.cat 300.0258059 +22.7051493 57169.54 229.3898
bdf-L1-sci.00000253.cat 300.0257515 +22.7047418 57196.61 229.5207
bdf-L1-sci.00000254.cat 300.0257292 +22.7047436 56563.06 228.9259
bdf-L1-sci.00000255.cat 300.0257314 +22.7046961 56712.02 229.0841
bdf-L1-sci.00000256.cat 300.0257151 +22.7051237 56215.87 228.8406
bdf-L1-sci.00000257.cat 300.0257868 +22.7047249 56518.17 228.7109
bdf-L1-sci.00000258.cat 300.0258292 +22.7047695 56727.25 229.6997
bdf-L1-sci.00000259.cat 300.0257197 +22.7047351 56898.39 229.3243
bdf-L1-sci.00000260.cat 300.0257266 +22.7047154 56632.04 228.9423
bdf-L1-sci.00000261.cat 300.0256833 +22.7047495 56738.06 229.2466
bdf-L1-sci.00000262.cat 300.0257591 +22.7047435 56419.19 228.8919
bdf-L1-sci.00000263.cat 300.0257595 +22.7051482 56752.36 229.0542
bdf-L1-sci.00000264.cat 300.0257660 +22.7051436 56588.78 229.1274
bdf-L1-sci.00000265.cat 300.0256738 +22.7047415 56522.73 228.8605
bdf-L1-sci.00000266.cat 300.0257474 +22.7051470 56850.12 229.505
bdf-L1-sci.00000267.cat 300.0257699 +22.7051396 56678.91 229.2486
bdf-L1-sci.00000268.cat 300.0257348 +22.7047595 56856.14 229.4511
bdf-L1-sci.00000269.cat 300.0257785 +22.7047769 56620.14 229.5469
bdf-L1-sci.00000270.cat 300.0257821 +22.7051070 56160.29 228.8336
bdf-L1-sci.00000271.cat 300.0257464 +22.7047250 55886.72 228.8475
bdf-L1-sci.00000272.cat 300.0257448 +22.7052057 56346.36 229.0894
bdf-L1-sci.00000273.cat 300.0257029 +22.7047118 55963.7 228.8163
bdf-L1-sci.00000274.cat 300.0258460 +22.7051095 56382.04 229.3486
bdf-L1-sci.00000275.cat 300.0257457 +22.7047410 56684.8 229.2969
bdf-L1-sci.00000276.cat 300.0257791 +22.7051276 56741.36 229.2664
bdf-L1-sci.00000277.cat 300.0257313 +22.7047474 56827.22 229.6946
bdf-L1-sci.00000278.cat 300.0257342 +22.7047108 56048.35 228.6275
bdf-L1-sci.00000279.cat 300.0257270 +22.7047210 56171.95 228.9336
bdf-L1-sci.00000280.cat 300.0257074 +22.7047664 56775.31 229.4575
bdf-L1-sci.00000281.cat 300.0257224 +22.7047358 56362.53 229.2471
bdf-L1-sci.00000282.cat 300.0257150 +22.7047318 56379.71 228.9919
bdf-L1-sci.00000283.cat 300.0257412 +22.7047035 56886.68 229.9752
bdf-L1-sci.00000284.cat 300.0257262 +22.7047019 55850.3 228.8589
bdf-L1-sci.00000285.cat 300.0256887 +22.7047404 56178.51 229.7802
bdf-L1-sci.00000286.cat 300.0257517 +22.7051304 56325.46 229.3906
bdf-L1-sci.00000287.cat 300.0257042 +22.7047240 56242.76 229.3691
bdf-L1-sci.00000288.cat 300.0256711 +22.7047134 56414.12 229.3823
bdf-L1-sci.00000289.cat 300.0257312 +22.7047134 56561.27 229.8339
bdf-L1-sci.00000290.cat 300.0257868 +22.7051096 56368.52 229.3667
bdf-L1-sci.00000291.cat 300.0257535 +22.7046987 56005 228.9803
bdf-L1-sci.00000292.cat 300.0257716 +22.7046813 56089.44 229.1071
bdf-L1-sci.00000293.cat 300.0257404 +22.7046719 55390.35 228.2139
bdf-L1-sci.00000294.cat 300.0257246 +22.7047108 56378.07 229.4858
bdf-L1-sci.00000295.cat 300.0257483 +22.7051732 56179.47 229.7758
bdf-L1-sci.00000296.cat 300.0257469 +22.7051068 55452 229.0988
bdf-L1-sci.00000297.cat 300.0258292 +22.7051510 55775.02 229.0715
bdf-L1-sci.00000298.cat 300.0257627 +22.7051465 55945.06 229.2476
bdf-L1-sci.00000299.cat 300.0257222 +22.7047398 56112.48 229.5866
bdf-L1-sci.00000300.cat 300.0256903 +22.7047063 56293.87 230.0918
bdf-L1-sci.00000301.cat 300.0257247 +22.7047510 55988.53 229.1339
bdf-L1-sci.00000302.cat 300.0257287 +22.7047365 56149.18 229.4787
bdf-L1-sci.00000303.cat 300.0257486 +22.7047605 56214.82 229.8881
bdf-L1-sci.00000304.cat 300.0257186 +22.7047142 56130.29 229.674
bdf-L1-sci.00000305.cat 300.0257101 +22.7047161 56143.95 229.6062
bdf-L1-sci.00000306.cat 300.0257557 +22.7051620 56164.18 229.8341
bdf-L1-sci.00000307.cat 300.0257570 +22.7046824 56379.36 229.6206
bdf-L1-sci.00000308.cat 300.0257792 +22.7047172 56298.69 229.7682
bdf-L1-sci.00000309.cat 300.0257012 +22.7047197 56031.18 229.5195
bdf-L1-sci.00000310.cat 300.0257428 +22.7047541 55781.24 229.191
bdf-L1-sci.00000311.cat 300.0257791 +22.7046902 56022.48 229.2589
bdf-L1-sci.00000312.cat 300.0257039 +22.7051664 56111.11 229.831
bdf-L1-sci.00000313.cat 300.0256842 +22.7047169 55778.77 229.423
bdf-L1-sci.00000314.cat 300.0257210 +22.7047318 55668.18 229.5399
bdf-L1-sci.00000315.cat 300.0256995 +22.7047014 56041.32 229.7738
bdf-L1-sci.00000316.cat 300.0257422 +22.7046965 55826.7 229.2251
bdf-L1-sci.00000317.cat 300.0257115 +22.7046578 55992.57 229.9677
bdf-L1-sci.00000318.cat 300.0257315 +22.7046319 56389.16 230.3595
bdf-L1-sci.00000319.cat 300.0257278 +22.7047009 56422.39 229.5021
bdf-L1-sci.00000320.cat 300.0257935 +22.7051699 56189.37 229.6022
bdf-L1-sci.00000321.cat 300.0257335 +22.7046983 56101.81 229.2727
bdf-L1-sci.00000322.cat 300.0257305 +22.7047084 55927.71 229.0985
bdf-L1-sci.00000323.cat 300.0257578 +22.7051254 55720.17 228.8893
bdf-L1-sci.00000324.cat 300.0257619 +22.7051586 56098.54 229.3554
bdf-L1-sci.00000325.cat 300.0257544 +22.7051159 56028.04 229.2855
bdf-L1-sci.00000326.cat 300.0257373 +22.7051519 56338.02 229.9749
bdf-L1-sci.00000327.cat 300.0257143 +22.7051338 56211.76 229.603
bdf-L1-sci.00000328.cat 300.0257237 +22.7046923 56009.01 229.4792
bdf-L1-sci.00000329.cat 300.0256785 +22.7047118 56039.2 229.4358
bdf-L1-sci.00000330.cat 300.0257066 +22.7047139 56216.08 229.5979
bdf-L1-sci.00000331.cat 300.0257337 +22.7051003 56022.75 229.5854
bdf-L1-sci.00000332.cat 300.0256790 +22.7047358 56120.89 230.0033
bdf-L1-sci.00000333.cat 300.0257180 +22.7046742 55966.18 229.9353
bdf-L1-sci.00000334.cat 300.0257077 +22.7046884 56671.15 230.5489
bdf-L1-sci.00000335.cat 300.0257461 +22.7047390 56717.98 230.4249
bdf-L1-sci.00000336.cat 300.0256869 +22.7046952 55935.84 229.711
bdf-L1-sci.00000337.cat 300.0257110 +22.7046975 56366.3 230.066
bdf-L1-sci.00000338.cat 300.0256822 +22.7047332 56271.23 230.0633
bdf-L1-sci.00000339.cat 300.0256714 +22.7047102 56508.27 230.4132
bdf-L1-sci.00000340.cat 300.0257077 +22.7046874 56572.26 230.129
bdf-L1-sci.00000341.cat 300.0257237 +22.7051129 55878.2 229.5262
bdf-L1-sci.00000342.cat 300.0257259 +22.7047250 56183.61 229.9232
bdf-L1-sci.00000343.cat 300.0257833 +22.7046773 56006.01 229.8575
bdf-L1-sci.00000344.cat 300.0257015 +22.7047224 56114.84 230.1295
bdf-L1-sci.00000345.cat 300.0256885 +22.7051282 56058.06 229.8093
bdf-L1-sci.00000346.cat 300.0257437 +22.7047201 55819.55 229.6933
bdf-L1-sci.00000347.cat 300.0257431 +22.7051111 56262.15 230.2038
bdf-L1-sci.00000348.cat 300.0257771 +22.7051242 55619.29 229.9479
bdf-L1-sci.00000349.cat 300.0257922 +22.7051401 54706.93 228.2921
bdf-L1-sci.00000350.cat 300.0257058 +22.7047200 56088.44 230.3409
bdf-L1-sci.00000351.cat 300.0257772 +22.7046989 56200.59 230.3759
bdf-L1-sci.00000352.cat 300.0257343 +22.7046771 56417.52 230.5415
bdf-L1-sci.00000353.cat 300.0257362 +22.7051173 55737.04 230.1573
bdf-L1-sci.00000354.cat 300.0257086 +22.7046886 55596.05 229.6198
bdf-L1-sci.00000355.cat 300.0256800 +22.7047192 56212.64 230.1553
bdf-L1-sci.00000356.cat 300.0257290 +22.7047255 56215.32 230.224
bdf-L1-sci.00000357.cat 300.0257130 +22.7047080 56497.14 230.7153
bdf-L1-sci.00000358.cat 300.0257191 +22.7047097 56578.97 230.9245
bdf-L1-sci.00000359.cat 300.0257228 +22.7051032 55694.24 229.8648
bdf-L1-sci.00000360.cat 300.0256770 +22.7047101 56235.05 230.252
bdf-L1-sci.00000361.cat 300.0256806 +22.7047274 56597.51 230.5228
bdf-L1-sci.00000362.cat 300.0256985 +22.7051517 56148.91 230.2777
bdf-L1-sci.00000363.cat 300.0257896 +22.7046897 56049.97 230.4844
bdf-L1-sci.00000364.cat 300.0257055 +22.7046984 56026.83 230.0709
bdf-L1-sci.00000365.cat 300.0257046 +22.7046965 55805.02 230.032
bdf-L1-sci.00000366.cat 300.0257032 +22.7051065 57543.84 231.9577
bdf-L1-sci.00000367.cat 300.0257139 +22.7046983 56092.43 230.6935
bdf-L1-sci.00000368.cat 300.0257522 +22.7046712 56282.31 230.5418
bdf-L1-sci.00000369.cat 300.0256772 +22.7047971 55470.79 230.0166
bdf-L1-sci.00000370.cat 300.0257444 +22.7047016 55791.54 229.8789
bdf-L1-sci.00000371.cat 300.0257964 +22.7051299 55360.01 229.6786
bdf-L1-sci.00000372.cat 300.0257793 +22.7047504 56127.4 230.6864
bdf-L1-sci.00000373.cat 300.0257544 +22.7051231 55588.93 230.0789
bdf-L1-sci.00000374.cat 300.0256939 +22.7047017 55733.44 230.2074
bdf-L1-sci.00000375.cat 300.0257273 +22.7047171 55784.2 229.9355
bdf-L1-sci.00000376.cat 300.0256547 +22.7047096 55555.33 229.9407
bdf-L1-sci.00000377.cat 300.0256986 +22.7047073 55631.76 229.8234
bdf-L1-sci.00000378.cat 300.0257202 +22.7051460 55507.54 230.0516
bdf-L1-sci.00000379.cat 300.0257154 +22.7046747 55899.94 230.4294
bdf-L1-sci.00000380.cat 300.0257577 +22.7051343 55700.69 230.6051
bdf-L1-sci.00000381.cat 300.0257048 +22.7046962 55536.73 230.0448
bdf-L1-sci.00000382.cat 300.0256721 +22.7047473 55512.71 230.4515
bdf-L1-sci.00000383.cat 300.0257547 +22.7051097 55399.19 230.1122
bdf-L1-sci.00000384.cat 300.0257101 +22.7047032 55355 230.1483
bdf-L1-sci.00000385.cat 300.0257587 +22.7051284 55839.93 231.0627
bdf-L1-sci.00000386.cat 300.0257686 +22.7047093 56048.78 230.5481
bdf-L1-sci.00000387.cat 300.0257318 +22.7051391 55859.74 231.0864
bdf-L1-sci.00000388.cat 300.0257615 +22.7046960 55771.38 230.5327
bdf-L1-sci.00000389.cat 300.0257557 +22.7047080 55778.84 230.9571
bdf-L1-sci.00000390.cat 300.0257448 +22.7047193 55460.93 230.3622
bdf-L1-sci.00000391.cat 300.0256984 +22.7047003 56059.45 231.0222
bdf-L1-sci.00000392.cat 300.0257369 +22.7051043 55399.72 230.2422
bdf-L1-sci.00000393.cat 300.0257291 +22.7047578 55637.02 230.6396
bdf-L1-sci.00000394.cat 300.0257244 +22.7051213 55569.77 230.6725
bdf-L1-sci.00000395.cat 300.0257018 +22.7047160 55435.49 230.4868
bdf-L1-sci.00000396.cat 300.0257120 +22.7047051 55072.41 229.9007
bdf-L1-sci.00000397.cat 300.0256791 +22.7047038 55597.81 230.2454
bdf-L1-sci.00000398.cat 300.0257690 +22.7051020 55580.87 230.5015
bdf-L1-sci.00000399.cat 300.0257091 +22.7047234 55752.87 231.2996
bdf-L1-sci.00000400.cat 300.0257330 +22.7046842 55874.44 231.0264
bdf-L1-sci.00000401.cat 300.0257195 +22.7046863 55256.34 230.4105
bdf-L1-sci.00000402.cat 300.0257179 +22.7047206 54862.02 229.7402
bdf-L1-sci.00000403.cat 300.0257342 +22.7051163 55188.02 230.6498
bdf-L1-sci.00000404.cat 300.0256701 +22.7047041 55687.04 230.572
bdf-L1-sci.00000405.cat 300.0257399 +22.7051324 55729.32 231.2438
bdf-L1-sci.00000406.cat 300.0258426 +22.7046665 55302.19 230.7066
bdf-L1-sci.00000407.cat 300.0257406 +22.7047127 55459.88 232.2235
bdf-L1-sci.00000408.cat 300.0257273 +22.7046680 55032.71 231.0386
bdf-L1-sci.00000409.cat 300.0257295 +22.7051025 55028.42 231.2629
bdf-L1-sci.00000410.cat 300.0257628 +22.7047294 54654.83 230.8333
bdf-L1-sci.00000411.cat 300.0256987 +22.7046957 55046.21 231.1076
bdf-L1-sci.00000412.cat 300.0256868 +22.7046968 55256.39 231.2169
bdf-L1-sci.00000413.cat 300.0257454 +22.7047120 55191.78 231.2703
bdf-L1-sci.00000414.cat 300.0256828 +22.7047019 55037.84 231.0714
bdf-L1-sci.00000415.cat 300.0257422 +22.7051252 55067.56 231.6493
bdf-L1-sci.00000416.cat 300.0256302 +22.7051267 54723.6 231.5711
bdf-L1-sci.00000417.cat 300.0257377 +22.7046897 55085.9 231.0576
bdf-L1-sci.00000418.cat 300.0257500 +22.7047388 55177.21 231.4267
bdf-L1-sci.00000419.cat 300.0257518 +22.7050969 54459.13 230.3714
bdf-L1-sci.00000420.cat 300.0257440 +22.7047330 54721.88 230.8537
bdf-L1-sci.00000421.cat 300.0257527 +22.7047070 54161.36 230.2695
bdf-L1-sci.00000422.cat 300.0257161 +22.7046866 54306.38 231.1541
bdf-L1-sci.00000423.cat 300.0257879 +22.7047018 54177.93 231.2115
bdf-L1-sci.00000424.cat 300.0257390 +22.7046564 54143.52 231.3779
bdf-L1-sci.00000425.cat 300.0257893 +22.7046792 53914.71 231.2941
bdf-L1-sci.00000426.cat 300.0257072 +22.7047037 54673.61 231.6356
bdf-L1-sci.00000427.cat 300.0257388 +22.7047042 54573.89 231.1939
bdf-L1-sci.00000428.cat 300.0257205 +22.7047776 54973.54 232.3204
bdf-L1-sci.00000429.cat 300.0258111 +22.7047450 54958.87 232.1472
bdf-L1-sci.00000430.cat 300.0257099 +22.7046932 54271.75 231.5227
bdf-L1-sci.00000431.cat 300.0257306 +22.7046844 54354.01 231.4839
bdf-L1-sci.00000432.cat 300.0257735 +22.7047693 54179.94 231.4437
bdf-L1-sci.00000433.cat 300.0257385 +22.7047170 55013.48 232.3762
bdf-L1-sci.00000434.cat 300.0257083 +22.7047645 54321.42 231.4752
bdf-L1-sci.00000435.cat 300.0257413 +22.7047277 54838.98 231.5645
bdf-L1-sci.00000436.cat 300.0257262 +22.7047628 54591.73 230.5388
bdf-L1-sci.00000437.cat 300.0257264 +22.7047463 54428.49 230.7756
bdf-L1-sci.00000438.cat 300.0257793 +22.7047163 54777.48 231.4005
bdf-L1-sci.00000439.cat 300.0257220 +22.7046885 54675.82 231.3426
bdf-L1-sci.00000440.cat 300.0257597 +22.7047269 53729.09 230.146
bdf-L1-sci.00000441.cat 300.0256993 +22.7046819 54308.36 230.7211
bdf-L1-sci.00000442.cat 300.0257502 +22.7047131 54626.96 231.0821
bdf-L1-sci.00000443.cat 300.0257690 +22.7046947 54822.88 231.2859
bdf-L1-sci.00000444.cat 300.0257010 +22.7046751 54889.34 231.9388
bdf-L1-sci.00000445.cat 300.0257685 +22.7047368 54740.32 231.5311
bdf-L1-sci.00000446.cat 300.0257587 +22.7047274 54311.22 230.8805
bdf-L1-sci.00000447.cat 300.0256531 +22.7048162 54701.2 231.6039
bdf-L1-sci.00000448.cat 300.0257596 +22.7047145 54432.7 231.2156
bdf-L1-sci.00000449.cat 300.0257436 +22.7047687 54148.3 230.7417
bdf-L1-sci.00000450.cat 300.0257254 +22.7047757 54257.54 230.6444
bdf-L1-sci.00000451.cat 300.0257912 +22.7047373 54666.04 231.5596
bdf-L1-sci.00000452.cat 300.0257563 +22.7047381 55102.14 232.2085
bdf-L1-sci.00000453.cat 300.0257575 +22.7047699 54317.69 231.1841
bdf-L1-sci.00000454.cat 300.0257839 +22.7047488 54577.24 231.6459
bdf-L1-sci.00000455.cat 300.0257797 +22.7047954 54593.97 231.4499
bdf-L1-sci.00000456.cat 300.0257639 +22.7047170 54085.05 230.9108
bdf-L1-sci.00000457.cat 300.0257209 +22.7047726 54180.65 231.2703
bdf-L1-sci.00000458.cat 300.0257734 +22.7047356 54455.18 231.6276
bdf-L1-sci.00000459.cat 300.0257358 +22.7047370 54393.79 231.54
bdf-L1-sci.00000460.cat 300.0257466 +22.7047010 54230.12 231.6977
bdf-L1-sci.00000461.cat 300.0257871 +22.7047416 54322.7 231.9767
bdf-L1-sci.00000462.cat 300.0257065 +22.7047960 54263.7 232.3504
bdf-L1-sci.00000463.cat 300.0258470 +22.7047011 53205.4 231.7081
bdf-L1-sci.00000464.cat 300.0258121 +22.7051242 54127.93 232.5061
bdf-L1-sci.00000465.cat 300.0257399 +22.7046909 53608.32 232.3307
bdf-L1-sci.00000466.cat 300.0256934 +22.7046940 53995.63 232.5638
bdf-L1-sci.00000467.cat 300.0257889 +22.7047432 53922.73 232.648
bdf-L1-sci.00000468.cat 300.0257158 +22.7047301 53612.55 232.3681
bdf-L1-sci.00000469.cat 300.0257032 +22.7047618 53360.22 232.6755
bdf-L1-sci.00000470.cat 300.0257576 +22.7047618 53063.06 232.2178
bdf-L1-sci.00000471.cat 300.0258157 +22.7046915 52613.44 232.4236
bdf-L1-sci.00000472.cat 300.0257123 +22.7046936 52340.77 231.7828
bdf-L1-sci.00000473.cat 300.0257121 +22.7047308 53150.64 232.631
bdf-L1-sci.00000474.cat 300.0257312 +22.7047176 52810.09 232.496
bdf-L1-sci.00000475.cat 300.0258102 +22.7047868 51600.3 231.6325
bdf-L1-sci.00000476.cat 300.0257296 +22.7047441 52147.34 231.8027
bdf-L1-sci.00000477.cat 300.0256881 +22.7047686 51585.98 231.8616
bdf-L1-sci.00000478.cat 300.0257579 +22.7047359 51998.45 231.6034
bdf-L1-sci.00000479.cat 300.0257958 +22.7047447 52060.69 231.8176
bdf-L1-sci.00000480.cat 300.0257879 +22.7047669 51728.05 231.503
bdf-L1-sci.00000481.cat 300.0257787 +22.7047504 52515.48 231.8265
bdf-L1-sci.00000482.cat 300.0256866 +22.7047503 53022.05 233.3708
bdf-L1-sci.00000483.cat 300.0257587 +22.7047144 52927.17 232.5648
bdf-L1-sci.00000484.cat 300.0257069 +22.7047182 52664.16 232.4713
bdf-L1-sci.00000485.cat 300.0257764 +22.7047189 52845.95 230.3733
bdf-L1-sci.00000486.cat 300.0258368 +22.7046816 52867.83 230.3493
bdf-L1-sci.00000487.cat 300.0257189 +22.7047410 52937.18 230.8401
bdf-L1-sci.00000488.cat 300.0257339 +22.7047650 53159.18 231.367
bdf-L1-sci.00000489.cat 300.0257216 +22.7047446 53068.69 231.1713
bdf-L1-sci.00000490.cat 300.0258481 +22.7047282 52813.75 231.3057
bdf-L1-sci.00000491.cat 300.0257215 +22.7047244 52678.94 230.7692
bdf-L1-sci.00000492.cat 300.0257652 +22.7047060 53083.66 230.8225
bdf-L1-sci.00000493.cat 300.0257562 +22.7047156 53037.84 231.5361
bdf-L1-sci.00000494.cat 300.0256881 +22.7047297 52948.63 231.1046
bdf-L1-sci.00000495.cat 300.0257576 +22.7047254 53113.74 230.9499
bdf-L1-sci.00000496.cat 300.0257823 +22.7047589 52828.01 231.4492
bdf-L1-sci.00000497.cat 300.0256967 +22.7047535 52611.9 231.232
bdf-L1-sci.00000498.cat 300.0257184 +22.7047223 52610.28 230.6888
bdf-L1-sci.00000499.cat 300.0257307 +22.7047426 53041.91 231.7556
bdf-L1-sci.00000500.cat 300.0257796 +22.7047211 52415.57 230.6127
bdf-L1-sci.00000501.cat 300.0257489 +22.7047553 52412.6 230.7274
bdf-L1-sci.00000502.cat 300.0257329 +22.7047077 53357.13 232.1085
bdf-L1-sci.00000503.cat 300.0258034 +22.7046997 52699.07 230.6691
bdf-L1-sci.00000504.cat 300.0257738 +22.7047379 52654.42 230.7544
bdf-L1-sci.00000505.cat 300.0257908 +22.7046981 52470.98 230.7593
bdf-L1-sci.00000506.cat 300.0257773 +22.7047980 53355.5 231.331
bdf-L1-sci.00000507.cat 300.0257134 +22.7047812 53231.1 231.4537
bdf-L1-sci.00000508.cat 300.0257572 +22.7047440 52625.49 230.5219
bdf-L1-sci.00000509.cat 300.0257469 +22.7047277 52826.59 230.9222
bdf-L1-sci.00000510.cat 300.0257153 +22.7047370 52572.17 230.5515
bdf-L1-sci.00000511.cat 300.0257391 +22.7047620 53173.88 230.3656
bdf-L1-sci.00000512.cat 300.0257472 +22.7046860 52282.49 229.539
bdf-L1-sci.00000513.cat 300.0257313 +22.7047519 52219.34 229.1303
bdf-L1-sci.00000514.cat 300.0257707 +22.7047554 52231.35 229.6969
bdf-L1-sci.00000515.cat 300.0257347 +22.7047153 52342.78 229.7478
bdf-L1-sci.00000516.cat 300.0257326 +22.7047312 52194.64 229.8089
bdf-L1-sci.00000517.cat 300.0257552 +22.7047533 52672.29 230.6701
bdf-L1-sci.00000518.cat 300.0257537 +22.7046992 51804.67 229.9747
bdf-L1-sci.00000519.cat 300.0257650 +22.7047742 52464.12 230.9924
bdf-L1-sci.00000520.cat 300.0257304 +22.7047628 52320.71 230.8628
bdf-L1-sci.00000521.cat 300.0257042 +22.7047472 52442.03 230.7011
bdf-L1-sci.00000522.cat 300.0257403 +22.7047629 51889.77 229.4193
bdf-L1-sci.00000523.cat 300.0257972 +22.7047575 52446.89 230.141
bdf-L1-sci.00000524.cat 300.0258332 +22.7047010 52281.84 230.4033
bdf-L1-sci.00000525.cat 300.0257375 +22.7047439 52240.26 229.9274
bdf-L1-sci.00000526.cat 300.0257289 +22.7048010 52125.72 230.2114
bdf-L1-sci.00000527.cat 300.0257667 +22.7047517 52862.72 230.9269
bdf-L1-sci.00000528.cat 300.0257512 +22.7047525 52318.91 230.147
bdf-L1-sci.00000529.cat 300.0257894 +22.7047962 52395.4 230.2179
bdf-L1-sci.00000530.cat 300.0257628 +22.7047732 52173.36 230.2481
bdf-L1-sci.00000531.cat 300.0257705 +22.7047509 52551.05 230.4281
bdf-L1-sci.00000532.cat 300.0257784 +22.7047992 52090.19 229.8082
bdf-L1-sci.00000533.cat 300.0257765 +22.7047144 52455.66 230.2021
bdf-L1-sci.00000534.cat 300.0257584 +22.7047511 52091.86 230.0138
bdf-L1-sci.00000535.cat 300.0257706 +22.7047908 51978.54 230.3666
bdf-L1-sci.00000536.cat 300.0258015 +22.7047458 52066.15 230.3316
bdf-L1-sci.00000538.cat 300.0257841 +22.7047433 52160 229.598
bdf-L1-sci.00000539.cat 300.0258280 +22.7047916 51922.64 229.4379
bdf-L1-sci.00000540.cat 300.0257296 +22.7047137 52418.51 229.7523
bdf-L1-sci.00000541.cat 300.0258792 +22.7047552 52579.12 230.0078
bdf-L1-sci.00000542.cat 300.0257139 +22.7047511 52180.34 229.3796
bdf-L1-sci.00000543.cat 300.0259555 +22.7047273 51884 229.4132
bdf-L1-sci.00000544.cat 300.0258525 +22.7047232 51434.36 229.6103
bdf-L1-sci.00000545.cat 300.0257519 +22.7047449 50519.97 228.6871
bdf-L1-sci.00000546.cat 300.0257990 +22.7047253 34435.06 215.2072
bdf-L1-sci.00000547.cat 300.0256922 +22.7047342 19395.38 201.2743
bdf-L1-sci.00000548.cat 300.0257404 +22.7048141 14647.04 194.049
bdf-L1-sci.00000549.cat 300.0257390 +22.7048752 13970.54 194.4122
bdf-L1-sci.00000561.cat 300.0257556 +22.7047173 37770.48 219.7253
bdf-L1-sci.00000562.cat 300.0258017 +22.7047413 51145.85 229.5805
bdf-L1-sci.00000563.cat 300.0257994 +22.7047582 51356.75 229.4298
bdf-L1-sci.00000564.cat 300.0257433 +22.7047279 50625.21 228.8255
bdf-L1-sci.00000566.cat 300.0257782 +22.7047660 49183.36 227.0018
bdf-L1-sci.00000567.cat 300.0257668 +22.7047373 51233.25 228.9272
bdf-L1-sci.00000568.cat 300.0257603 +22.7047243 51550.49 229.3556
bdf-L1-sci.00000569.cat 300.0257677 +22.7047554 51334.77 229.1264
bdf-L1-sci.00000570.cat 300.0257844 +22.7047112 51341.5 229.1953
bdf-L1-sci.00000571.cat 300.0257699 +22.7047680 51095.18 229.0733
bdf-L1-sci.00000572.cat 300.0257504 +22.7047215 50962.39 228.5189
bdf-L1-sci.00000573.cat 300.0257709 +22.7047535 51514.98 229.3097
bdf-L1-sci.00000574.cat 300.0257469 +22.7048234 51667.7 229.2667
bdf-L1-sci.00000575.cat 300.0257496 +22.7047753 51392.82 229.0976
bdf-L1-sci.00000576.cat 300.0257777 +22.7048162 52055.94 230.1577
bdf-L1-sci.00000577.cat 300.0257688 +22.7047998 51402.7 229.2735
bdf-L1-sci.00000578.cat 300.0257660 +22.7047604 51473.46 229.3671
bdf-L1-sci.00000579.cat 300.0257602 +22.7047560 51926.18 230.1053
bdf-L1-sci.00000580.cat 300.0259112 +22.7047152 51805.81 229.8055
bdf-L1-sci.00000581.cat 300.0257891 +22.7046957 51555.1 229.5206
bdf-L1-sci.00000582.cat 300.0256919 +22.7047627 51835.54 230.1577
bdf-L1-sci.00000583.cat 300.0257879 +22.7047244 51399.2 229.3788
bdf-L1-sci.00000584.cat 300.0257471 +22.7047621 51942.91 230.2019
bdf-L1-sci.00000585.cat 300.0258223 +22.7048211 51275.46 229.3534
bdf-L1-sci.00000586.cat 300.0257008 +22.7051056 50716.95 228.6951
bdf-L1-sci.00000587.cat 300.0257336 +22.7047208 51328.2 229.4194
bdf-L1-sci.00000588.cat 300.0257087 +22.7047423 51157.31 229.4681
bdf-L1-sci.00000589.cat 300.0257802 +22.7047258 51538.64 229.7306
bdf-L1-sci.00000590.cat 300.0257349 +22.7047498 50938.21 229.1228
bdf-L1-sci.00000591.cat 300.0256811 +22.7047318 51472.4 229.6199
bdf-L1-sci.00000592.cat 300.0256797 +22.7047020 51474.4 229.5948
bdf-L1-sci.00000593.cat 300.0257412 +22.7047404 52036.13 230.4825
bdf-L1-sci.00000594.cat 300.0257586 +22.7047835 52162.16 230.5094
