bdf-L1-sci.00000001.cat 300.1820615 +22.7097365 225416.7 370.4816
bdf-L1-sci.00000002.cat 300.1820887 +22.7097505 227100.7 371.3551
bdf-L1-sci.00000003.cat 300.1820863 +22.7097389 226030.5 370.4862
bdf-L1-sci.00000004.cat 300.1820541 +22.7097349 226000.6 370.6616
bdf-L1-sci.00000005.cat 300.1820667 +22.7097622 226389.2 370.9872
bdf-L1-sci.00000006.cat 300.1820876 +22.7097935 225303 370.3646
bdf-L1-sci.00000007.cat 300.1820576 +22.7098452 224437.8 370.0339
bdf-L1-sci.00000008.cat 300.1821106 +22.7098202 225460.9 370.8706
bdf-L1-sci.00000009.cat 300.1820710 +22.7098322 223880.1 369.7986
bdf-L1-sci.00000010.cat 300.1820252 +22.7098525 224028 369.915
bdf-L1-sci.00000011.cat 300.1823137 +22.7098928 224433.7 370.417
bdf-L1-sci.00000012.cat 300.1820611 +22.7098202 223932.3 369.619
bdf-L1-sci.00000013.cat 300.1819797 +22.7097940 224594.2 369.97
bdf-L1-sci.00000014.cat 300.1820789 +22.7098180 225134.2 370.0961
bdf-L1-sci.00000015.cat 300.1820999 +22.7098254 224214.9 370.239
bdf-L1-sci.00000016.cat 300.1820819 +22.7097980 223096.4 369.6335
bdf-L1-sci.00000017.cat 300.1821012 +22.7097965 224072.1 370.1094
bdf-L1-sci.00000018.cat 300.1820432 +22.7097804 224297.8 369.7278
bdf-L1-sci.00000019.cat 300.1821184 +22.7098766 223627.2 368.7509
bdf-L1-sci.00000020.cat 300.1820759 +22.7098437 224011.4 368.8251
bdf-L1-sci.00000021.cat 300.1821085 +22.7098152 224199.8 369.6631
bdf-L1-sci.00000022.cat 300.1820848 +22.7098190 225065.9 369.64
bdf-L1-sci.00000023.cat 300.1821215 +22.7097815 224662.9 369.7614
bdf-L1-sci.00000024.cat 300.1821703 +22.7098551 170665.8 331.4214
bdf-L1-sci.00000025.cat 300.1821163 +22.7098994 225709.2 370.4193
bdf-L1-sci.00000026.cat 300.1820612 +22.7098303 223544.3 369.0287
bdf-L1-sci.00000027.cat 300.1822212 +22.7097967 154480.2 319.0817
bdf-L1-sci.00000028.cat 300.1820926 +22.7098235 224678.7 369.8548
bdf-L1-sci.00000029.cat 300.1821120 +22.7097438 223918.5 369.3995
bdf-L1-sci.00000030.cat 300.1820474 +22.7098024 224423.7 369.8172
bdf-L1-sci.00000031.cat 300.1820596 +22.7098296 223849.3 369.599
bdf-L1-sci.00000032.cat 300.1820895 +22.7097956 224464.6 369.6716
bdf-L1-sci.00000033.cat 300.1820963 +22.7098423 223608.6 369.3583
bdf-L1-sci.00000034.cat 300.1820977 +22.7098031 223111.7 368.6802
bdf-L1-sci.00000035.cat 300.1820772 +22.7098583 224439.4 369.5838
bdf-L1-sci.00000036.cat 300.1820601 +22.7097993 224355.7 369.7423
bdf-L1-sci.00000037.cat 300.1820911 +22.7097466 224040.2 369.4732
bdf-L1-sci.00000038.cat 300.1820886 +22.7098409 224475.3 369.7475
bdf-L1-sci.00000039.cat 300.1820700 +22.7098144 224997.2 369.999
bdf-L1-sci.00000040.cat 300.1820862 +22.7097156 226024.5 370.8976
bdf-L1-sci.00000041.cat 300.1820683 +22.7098129 224865.6 369.6225
bdf-L1-sci.00000042.cat 300.1820601 +22.7097905 224520.3 369.6393
bdf-L1-sci.00000043.cat 300.1820856 +22.7097928 224470.8 369.5234
bdf-L1-sci.00000044.cat 300.1820958 +22.7097899 226804.9 371.143
bdf-L1-sci.00000045.cat 300.1821013 +22.7097842 225335 370.0105
bdf-L1-sci.00000046.cat 300.1820999 +22.7097677 225653.7 370.5305
bdf-L1-sci.00000047.cat 300.1821055 +22.7097756 225427.2 370.1608
bdf-L1-sci.00000048.cat 300.1820921 +22.7098002 225728.2 370.5183
bdf-L1-sci.00000049.cat 300.1820785 +22.7097889 226012.3 370.7758
bdf-L1-sci.00000050.cat 300.1820045 +22.7098401 225705.6 370.67
bdf-L1-sci.00000051.cat 300.1821223 +22.7098146 227006.3 371.2761
bdf-L1-sci.00000052.cat 300.1819922 +22.7097486 225084.6 369.9885
bdf-L1-sci.00000053.cat 300.1820629 +22.7098071 225935 370.7007
bdf-L1-sci.00000054.cat 300.1820742 +22.7097916 224637.7 369.7135
bdf-L1-sci.00000055.cat 300.1820937 +22.7097951 224710.2 369.7345
bdf-L1-sci.00000056.cat 300.1820976 +22.7098168 223841.6 369.4481
bdf-L1-sci.00000057.cat 300.1821279 +22.7097441 225243.7 370.2007
bdf-L1-sci.00000058.cat 300.1820931 +22.7097967 223252.7 368.9155
bdf-L1-sci.00000059.cat 300.1820765 +22.7097795 224221.4 369.7109
bdf-L1-sci.00000060.cat 300.1820862 +22.7098008 223105.4 368.4814
bdf-L1-sci.00000061.cat 300.1821199 +22.7097793 223432.8 368.7898
bdf-L1-sci.00000062.cat 300.1821141 +22.7097478 224432.2 369.4498
bdf-L1-sci.00000064.cat 300.1820670 +22.7097652 224565.5 369.7993
bdf-L1-sci.00000065.cat 300.1819572 +22.7097541 225697.4 371.5002
bdf-L1-sci.00000066.cat 300.1820739 +22.7097318 225661 370.8305
bdf-L1-sci.00000067.cat 300.1820348 +22.7097617 226860.6 371.2068
bdf-L1-sci.00000068.cat 300.1820749 +22.7097599 227315.2 371.5357
bdf-L1-sci.00000069.cat 300.1820565 +22.7097832 227238 371.5259
bdf-L1-sci.00000070.cat 300.1820109 +22.7097595 225254.6 369.9941
bdf-L1-sci.00000071.cat 300.1820467 +22.7097657 224830.6 369.9256
bdf-L1-sci.00000072.cat 300.1821057 +22.7097542 225304.9 370.3068
bdf-L1-sci.00000073.cat 300.1820512 +22.7097639 224745.2 369.6262
bdf-L1-sci.00000074.cat 300.1820786 +22.7097998 224180 369.2107
bdf-L1-sci.00000075.cat 300.1820692 +22.7097806 224014 369.2988
bdf-L1-sci.00000076.cat 300.1821108 +22.7097922 224160.3 369.1254
bdf-L1-sci.00000077.cat 300.1820732 +22.7098327 222624.1 368.1181
bdf-L1-sci.00000078.cat 300.1820973 +22.7098030 208712.3 358.7561
bdf-L1-sci.00000079.cat 300.1820756 +22.7098346 223502.6 368.6431
bdf-L1-sci.00000080.cat 300.1820748 +22.7098138 223163.2 368.6696
bdf-L1-sci.00000081.cat 300.1820539 +22.7097732 223677.4 368.8284
bdf-L1-sci.00000082.cat 300.1820786 +22.7098178 224131.6 369.05
bdf-L1-sci.00000083.cat 300.1821352 +22.7096339 222901.2 368.2411
bdf-L1-sci.00000084.cat 300.1820322 +22.7098242 224892.4 369.6256
bdf-L1-sci.00000085.cat 300.1820432 +22.7098388 224278 369.3026
bdf-L1-sci.00000086.cat 300.1820313 +22.7098433 223883.9 369.1909
bdf-L1-sci.00000087.cat 300.1820791 +22.7098139 224065.2 369.1106
bdf-L1-sci.00000088.cat 300.1820679 +22.7098071 223011.5 368.3867
bdf-L1-sci.00000089.cat 300.1820769 +22.7098344 224514.4 369.4196
bdf-L1-sci.00000090.cat 300.1820397 +22.7097742 224131.3 369.0713
bdf-L1-sci.00000091.cat 300.1820696 +22.7097894 223610 368.7761
bdf-L1-sci.00000092.cat 300.1820609 +22.7097921 222141.9 368.0334
bdf-L1-sci.00000093.cat 300.1820628 +22.7097757 225088.6 369.9736
bdf-L1-sci.00000095.cat 300.1820663 +22.7102191 224102.3 369.4428
bdf-L1-sci.00000096.cat 300.1820575 +22.7097604 224618.3 369.6653
bdf-L1-sci.00000097.cat 300.1820745 +22.7097751 224318.6 369.2341
bdf-L1-sci.00000098.cat 300.1820482 +22.7097896 224352.8 369.0399
bdf-L1-sci.00000099.cat 300.1820409 +22.7097560 224562 369.1912
bdf-L1-sci.00000100.cat 300.1820724 +22.7097681 223391.3 368.3967
bdf-L1-sci.00000101.cat 300.1820668 +22.7097787 224216.4 368.9023
bdf-L1-sci.00000102.cat 300.1820516 +22.7097622 223634.6 369.0725
bdf-L1-sci.00000103.cat 300.1820483 +22.7097654 223285.6 368.946
bdf-L1-sci.00000104.cat 300.1820672 +22.7097450 224016.6 369.157
bdf-L1-sci.00000105.cat 300.1819908 +22.7098031 223808.7 368.6349
bdf-L1-sci.00000106.cat 300.1820367 +22.7097859 223753 368.5157
bdf-L1-sci.00000107.cat 300.1820414 +22.7097821 223801 368.5138
bdf-L1-sci.00000108.cat 300.1820518 +22.7101417 224105.2 368.7852
bdf-L1-sci.00000109.cat 300.1820485 +22.7097823 224107.5 369.0595
bdf-L1-sci.00000110.cat 300.1820865 +22.7097684 223818.3 368.4882
bdf-L1-sci.00000111.cat 300.1820812 +22.7101678 224642.2 369.3758
bdf-L1-sci.00000112.cat 300.1820590 +22.7097807 223462.8 368.6869
bdf-L1-sci.00000113.cat 300.1820817 +22.7097641 224435.1 369.4722
bdf-L1-sci.00000114.cat 300.1820526 +22.7097596 224534.9 369.4144
bdf-L1-sci.00000115.cat 300.1820439 +22.7097554 224988.9 369.5698
bdf-L1-sci.00000116.cat 300.1820797 +22.7098115 223205.2 368.4338
bdf-L1-sci.00000117.cat 300.1820458 +22.7097773 223462 368.6687
bdf-L1-sci.00000118.cat 300.1820077 +22.7101377 223955.8 368.8821
bdf-L1-sci.00000119.cat 300.1820291 +22.7097154 223350.5 368.6805
bdf-L1-sci.00000120.cat 300.1820114 +22.7097783 222510.1 367.984
bdf-L1-sci.00000121.cat 300.1820600 +22.7097823 225048.9 369.5917
bdf-L1-sci.00000122.cat 300.1820393 +22.7098699 222718.4 367.8427
bdf-L1-sci.00000123.cat 300.1820666 +22.7098028 222196.3 367.3028
bdf-L1-sci.00000124.cat 300.1820761 +22.7098212 223127.7 367.8391
bdf-L1-sci.00000125.cat 300.1821142 +22.7098139 222578.1 367.7473
bdf-L1-sci.00000126.cat 300.1820503 +22.7097784 222479.2 367.5877
bdf-L1-sci.00000127.cat 300.1820967 +22.7098251 222854 368.0471
bdf-L1-sci.00000128.cat 300.1820937 +22.7098056 223695.2 368.5263
bdf-L1-sci.00000129.cat 300.1820913 +22.7098072 223436.3 368.3997
bdf-L1-sci.00000130.cat 300.1821003 +22.7098104 223736.4 368.3587
bdf-L1-sci.00000131.cat 300.1820670 +22.7097783 223702.4 368.4134
bdf-L1-sci.00000132.cat 300.1820487 +22.7097619 224845.1 369.3032
bdf-L1-sci.00000133.cat 300.1820837 +22.7097590 223704.6 368.339
bdf-L1-sci.00000134.cat 300.1820844 +22.7098252 222412.4 367.5032
bdf-L1-sci.00000135.cat 300.1820654 +22.7098124 223459.1 368.3973
bdf-L1-sci.00000136.cat 300.1820722 +22.7098230 222525 367.6027
bdf-L1-sci.00000137.cat 300.1820898 +22.7098088 222531.2 367.4522
bdf-L1-sci.00000138.cat 300.1820609 +22.7098171 223273.8 368.3333
bdf-L1-sci.00000139.cat 300.1820708 +22.7097945 222465.8 367.6628
bdf-L1-sci.00000140.cat 300.1820755 +22.7098249 223645.9 368.5042
bdf-L1-sci.00000141.cat 300.1820660 +22.7098129 222638.8 367.8178
bdf-L1-sci.00000142.cat 300.1820078 +22.7101696 222258 367.5624
bdf-L1-sci.00000143.cat 300.1820929 +22.7098034 222613.8 367.8665
bdf-L1-sci.00000144.cat 300.1820602 +22.7097516 223330.5 368.2307
bdf-L1-sci.00000145.cat 300.1819872 +22.7097874 223477.8 368.3152
bdf-L1-sci.00000146.cat 300.1820876 +22.7098003 222603.5 367.8138
bdf-L1-sci.00000147.cat 300.1821224 +22.7097986 223858.9 368.7152
bdf-L1-sci.00000148.cat 300.1820691 +22.7097548 223330.8 368.3452
bdf-L1-sci.00000149.cat 300.1820815 +22.7097720 222025.7 367.2052
bdf-L1-sci.00000150.cat 300.1820809 +22.7101585 224050.7 368.4688
bdf-L1-sci.00000151.cat 300.1820898 +22.7097862 222353 367.3894
bdf-L1-sci.00000152.cat 300.1820816 +22.7098056 222514.9 367.9355
bdf-L1-sci.00000153.cat 300.1820755 +22.7098194 221942.5 367.4569
bdf-L1-sci.00000154.cat 300.1820888 +22.7098197 222006 367.9048
bdf-L1-sci.00000155.cat 300.1820856 +22.7098203 221935.4 367.4898
bdf-L1-sci.00000156.cat 300.1820758 +22.7101371 222028.6 367.8248
bdf-L1-sci.00000157.cat 300.1820789 +22.7097874 222116.9 367.4555
bdf-L1-sci.00000158.cat 300.1820890 +22.7097747 222131.2 367.419
bdf-L1-sci.00000159.cat 300.1820503 +22.7097978 222267.1 367.6168
bdf-L1-sci.00000160.cat 300.1820256 +22.7097997 221740.5 367.4737
bdf-L1-sci.00000161.cat 300.1821068 +22.7098133 220822.4 366.6893
bdf-L1-sci.00000162.cat 300.1820776 +22.7098394 221419.1 366.8976
bdf-L1-sci.00000163.cat 300.1820755 +22.7097936 221901.7 367.3884
bdf-L1-sci.00000164.cat 300.1821358 +22.7097981 222006.5 367.477
bdf-L1-sci.00000165.cat 300.1820626 +22.7101616 222372.6 367.8109
bdf-L1-sci.00000166.cat 300.1820688 +22.7097667 222360.5 367.6545
bdf-L1-sci.00000167.cat 300.1820653 +22.7097819 223551.8 368.3525
bdf-L1-sci.00000168.cat 300.1820531 +22.7097408 222592 367.9996
bdf-L1-sci.00000169.cat 300.1820479 +22.7097732 222695 367.983
bdf-L1-sci.00000170.cat 300.1820839 +22.7097931 223515 368.4694
bdf-L1-sci.00000171.cat 300.1820619 +22.7097959 222065.7 367.4172
bdf-L1-sci.00000172.cat 300.1820165 +22.7097609 222203.3 367.3376
bdf-L1-sci.00000173.cat 300.1820163 +22.7098737 222144.8 367.1212
bdf-L1-sci.00000174.cat 300.1820447 +22.7097740 224149.4 368.3775
bdf-L1-sci.00000175.cat 300.1820414 +22.7097615 221698.4 367.0331
bdf-L1-sci.00000176.cat 300.1820737 +22.7097805 221145.4 366.574
bdf-L1-sci.00000177.cat 300.1820526 +22.7097729 222047 367.3034
bdf-L1-sci.00000178.cat 300.1820144 +22.7097706 222663.2 367.8917
bdf-L1-sci.00000179.cat 300.1820475 +22.7098156 221623.4 367.0995
bdf-L1-sci.00000180.cat 300.1820917 +22.7097868 221406.2 367.0276
bdf-L1-sci.00000181.cat 300.1820525 +22.7098263 222607.6 367.8672
bdf-L1-sci.00000182.cat 300.1820867 +22.7097415 221461.5 367.1717
bdf-L1-sci.00000183.cat 300.1821009 +22.7101704 221741.6 367.3133
bdf-L1-sci.00000184.cat 300.1820477 +22.7097194 222486.8 367.7754
bdf-L1-sci.00000185.cat 300.1820353 +22.7097698 221941.1 367.3717
bdf-L1-sci.00000186.cat 300.1820436 +22.7097732 221399.7 366.9835
bdf-L1-sci.00000187.cat 300.1820338 +22.7097950 222595.5 368.1846
bdf-L1-sci.00000188.cat 300.1821282 +22.7098142 222207.9 367.7657
bdf-L1-sci.00000189.cat 300.1820850 +22.7097950 220970.9 366.5272
bdf-L1-sci.00000190.cat 300.1820622 +22.7097796 221245.9 367.053
bdf-L1-sci.00000191.cat 300.1820700 +22.7098132 221983.8 367.4358
bdf-L1-sci.00000192.cat 300.1820669 +22.7098465 221746.5 367.0191
bdf-L1-sci.00000193.cat 300.1820810 +22.7098078 221892.8 367.3158
bdf-L1-sci.00000194.cat 300.1820652 +22.7097841 221834 367.5382
bdf-L1-sci.00000195.cat 300.1820757 +22.7097996 222210.5 367.353
bdf-L1-sci.00000196.cat 300.1820531 +22.7098204 220776.6 366.4052
bdf-L1-sci.00000198.cat 300.1821074 +22.7101424 220033.3 365.9561
bdf-L1-sci.00000199.cat 300.1819945 +22.7097880 220725.3 366.4306
bdf-L1-sci.00000200.cat 300.1820832 +22.7098309 220392.3 366.572
bdf-L1-sci.00000201.cat 300.1820790 +22.7097962 221660.2 367.1071
bdf-L1-sci.00000202.cat 300.1820524 +22.7097266 220643.5 366.523
bdf-L1-sci.00000203.cat 300.1819932 +22.7097205 220990.7 366.8609
bdf-L1-sci.00000204.cat 300.1820844 +22.7097710 222090.8 367.5697
bdf-L1-sci.00000205.cat 300.1820567 +22.7097424 221608.2 366.9606
bdf-L1-sci.00000206.cat 300.1820579 +22.7097727 222390.2 367.9329
bdf-L1-sci.00000207.cat 300.1820867 +22.7101451 220297.3 366.2546
bdf-L1-sci.00000208.cat 300.1820631 +22.7097726 221845.4 367.2372
bdf-L1-sci.00000209.cat 300.1820229 +22.7097992 221882.5 367.6758
bdf-L1-sci.00000210.cat 300.1820768 +22.7097775 221496.2 367.0919
bdf-L1-sci.00000211.cat 300.1820479 +22.7097900 222197.8 367.6079
bdf-L1-sci.00000212.cat 300.1820253 +22.7097529 220475.5 366.0481
bdf-L1-sci.00000213.cat 300.1820590 +22.7097511 222023.3 367.3795
bdf-L1-sci.00000214.cat 300.1820561 +22.7097835 221120.5 366.7827
bdf-L1-sci.00000215.cat 300.1820727 +22.7101427 221354.5 367.1786
bdf-L1-sci.00000216.cat 300.1820673 +22.7097695 220006.5 366.6648
bdf-L1-sci.00000217.cat 300.1820886 +22.7101616 221633.4 367.3818
bdf-L1-sci.00000218.cat 300.1820025 +22.7097920 221797 367.4895
bdf-L1-sci.00000219.cat 300.1820559 +22.7097470 221017.6 367.2093
bdf-L1-sci.00000220.cat 300.1820663 +22.7097518 221671.1 367.5773
bdf-L1-sci.00000221.cat 300.1821043 +22.7101460 220135.4 366.5645
bdf-L1-sci.00000222.cat 300.1820335 +22.7097627 220429.2 366.6203
bdf-L1-sci.00000223.cat 300.1820337 +22.7097800 220392.9 366.1013
bdf-L1-sci.00000224.cat 300.1820702 +22.7097702 220640.9 366.5045
bdf-L1-sci.00000225.cat 300.1820709 +22.7101473 220667.9 366.5901
bdf-L1-sci.00000226.cat 300.1820549 +22.7101506 220578.1 366.4949
bdf-L1-sci.00000227.cat 300.1821131 +22.7100912 219800.4 365.9386
bdf-L1-sci.00000228.cat 300.1820557 +22.7101347 219789.3 365.8187
bdf-L1-sci.00000229.cat 300.1820854 +22.7101468 218790.3 365.2856
bdf-L1-sci.00000230.cat 300.1820854 +22.7101293 219812.7 365.8992
bdf-L1-sci.00000231.cat 300.1820689 +22.7101509 220136 366.0837
bdf-L1-sci.00000232.cat 300.1820748 +22.7101523 219549.9 365.7644
bdf-L1-sci.00000233.cat 300.1820832 +22.7101616 218150.5 365.0471
bdf-L1-sci.00000234.cat 300.1820835 +22.7101435 217873.7 364.7483
bdf-L1-sci.00000235.cat 300.1820872 +22.7101493 218045.8 364.7352
bdf-L1-sci.00000236.cat 300.1820694 +22.7101635 218825.9 365.2514
bdf-L1-sci.00000237.cat 300.1820733 +22.7101502 218142.2 364.8449
bdf-L1-sci.00000238.cat 300.1820830 +22.7101302 217198.5 364.1354
bdf-L1-sci.00000239.cat 300.1820613 +22.7101503 217511.9 364.4632
bdf-L1-sci.00000240.cat 300.1820554 +22.7101239 217977.3 364.904
bdf-L1-sci.00000241.cat 300.1821051 +22.7102032 217277.2 365.6887
bdf-L1-sci.00000242.cat 300.1820777 +22.7101531 218078 367.0454
bdf-L1-sci.00000243.cat 300.1820883 +22.7101411 218160.1 365.1838
bdf-L1-sci.00000244.cat 300.1820954 +22.7101454 218283.7 365.219
bdf-L1-sci.00000245.cat 300.1820720 +22.7101833 219272.4 366.1193
bdf-L1-sci.00000246.cat 300.1820698 +22.7101303 217625.6 364.7452
bdf-L1-sci.00000247.cat 300.1820705 +22.7102149 217945.5 364.9715
bdf-L1-sci.00000248.cat 300.1820695 +22.7101269 215790.9 363.3471
bdf-L1-sci.00000249.cat 300.1820773 +22.7101452 217019.6 364.4416
bdf-L1-sci.00000250.cat 300.1820846 +22.7101732 215890.8 363.1953
bdf-L1-sci.00000251.cat 300.1820771 +22.7101619 216401.8 363.7262
bdf-L1-sci.00000252.cat 300.1820853 +22.7101586 216238.7 363.5651
bdf-L1-sci.00000253.cat 300.1820209 +22.7097685 216394.1 363.7046
bdf-L1-sci.00000254.cat 300.1820491 +22.7097718 215227.5 362.9695
bdf-L1-sci.00000255.cat 300.1820372 +22.7097924 215412.6 363.0837
bdf-L1-sci.00000256.cat 300.1819961 +22.7101318 215799 363.52
bdf-L1-sci.00000257.cat 300.1820802 +22.7097485 214229.4 362.187
bdf-L1-sci.00000258.cat 300.1821117 +22.7097939 215469.3 363.4551
bdf-L1-sci.00000259.cat 300.1820850 +22.7097296 214497.8 362.4592
bdf-L1-sci.00000260.cat 300.1820551 +22.7097791 213575.7 361.7963
bdf-L1-sci.00000261.cat 300.1820638 +22.7097890 213704.8 362.0014
bdf-L1-sci.00000262.cat 300.1820500 +22.7097675 214916.5 362.84
bdf-L1-sci.00000263.cat 300.1820692 +22.7101465 214171.1 362.1707
bdf-L1-sci.00000264.cat 300.1820708 +22.7101579 214666.6 362.6821
bdf-L1-sci.00000265.cat 300.1820754 +22.7097550 216002.6 363.4686
bdf-L1-sci.00000266.cat 300.1820680 +22.7101501 215169.4 363.0905
bdf-L1-sci.00000267.cat 300.1820555 +22.7101470 214729.5 362.7329
bdf-L1-sci.00000268.cat 300.1820721 +22.7097377 213405.4 361.8426
bdf-L1-sci.00000269.cat 300.1820799 +22.7097862 214037.7 362.5205
bdf-L1-sci.00000270.cat 300.1820567 +22.7101254 212627.3 361.3909
bdf-L1-sci.00000271.cat 300.1820591 +22.7097760 214018.5 362.5425
bdf-L1-sci.00000272.cat 300.1820361 +22.7101975 213408.2 361.9605
bdf-L1-sci.00000273.cat 300.1820578 +22.7097949 212927.8 361.7771
bdf-L1-sci.00000274.cat 300.1821323 +22.7101144 213311.3 362.0118
bdf-L1-sci.00000275.cat 300.1820321 +22.7097447 214142.6 362.3652
bdf-L1-sci.00000276.cat 300.1821021 +22.7101232 214805.1 362.7742
bdf-L1-sci.00000277.cat 300.1820480 +22.7097581 214245.2 362.586
bdf-L1-sci.00000278.cat 300.1820449 +22.7097507 214749 362.8135
bdf-L1-sci.00000279.cat 300.1820551 +22.7097452 212018.2 361.0035
bdf-L1-sci.00000280.cat 300.1820260 +22.7097784 213443.7 361.922
bdf-L1-sci.00000281.cat 300.1820298 +22.7097830 214514.9 362.7172
bdf-L1-sci.00000282.cat 300.1820581 +22.7097512 213465.2 361.9081
bdf-L1-sci.00000283.cat 300.1820599 +22.7097793 213500.5 362.227
bdf-L1-sci.00000284.cat 300.1820397 +22.7097843 212854.5 361.782
bdf-L1-sci.00000285.cat 300.1820590 +22.7097583 212164.9 361.6448
bdf-L1-sci.00000286.cat 300.1820299 +22.7101626 212152.9 361.3088
bdf-L1-sci.00000287.cat 300.1820202 +22.7097486 212579.1 361.6222
bdf-L1-sci.00000288.cat 300.1819595 +22.7097090 212047.6 361.1266
bdf-L1-sci.00000289.cat 300.1820243 +22.7097696 213052 362.0238
bdf-L1-sci.00000290.cat 300.1821095 +22.7101151 212818 361.6599
bdf-L1-sci.00000291.cat 300.1820661 +22.7097533 212636.8 361.5801
bdf-L1-sci.00000292.cat 300.1821076 +22.7097380 211119.4 360.5764
bdf-L1-sci.00000293.cat 300.1820335 +22.7097930 211099 360.5233
bdf-L1-sci.00000294.cat 300.1819814 +22.7097566 211903.7 361.0641
bdf-L1-sci.00000295.cat 300.1820522 +22.7101849 212099.6 361.5998
bdf-L1-sci.00000296.cat 300.1820186 +22.7101182 212465.7 361.9225
bdf-L1-sci.00000297.cat 300.1820962 +22.7101472 210742.3 360.5284
bdf-L1-sci.00000298.cat 300.1820595 +22.7101438 211815.3 361.237
bdf-L1-sci.00000299.cat 300.1820608 +22.7097342 211317.8 361.0064
bdf-L1-sci.00000300.cat 300.1820755 +22.7097412 211543.8 361.3408
bdf-L1-sci.00000301.cat 300.1820614 +22.7097719 211798.3 361.148
bdf-L1-sci.00000302.cat 300.1820701 +22.7097613 210892.1 360.6318
bdf-L1-sci.00000303.cat 300.1820552 +22.7097880 211418.2 361.1177
bdf-L1-sci.00000304.cat 300.1820577 +22.7097779 210148.7 360.2177
bdf-L1-sci.00000305.cat 300.1820610 +22.7097593 210058.9 360.1134
bdf-L1-sci.00000306.cat 300.1820670 +22.7101540 211480.1 361.2081
bdf-L1-sci.00000307.cat 300.1820168 +22.7097556 211731.6 361.1404
bdf-L1-sci.00000308.cat 300.1820754 +22.7097757 211916 361.3748
bdf-L1-sci.00000309.cat 300.1820081 +22.7097989 211977.1 361.4369
bdf-L1-sci.00000310.cat 300.1820017 +22.7097905 211898.1 361.3574
bdf-L1-sci.00000311.cat 300.1820591 +22.7097637 211440.7 360.9742
bdf-L1-sci.00000312.cat 300.1819887 +22.7101640 211340.7 361.1644
bdf-L1-sci.00000313.cat 300.1820742 +22.7097504 209915 360.1575
bdf-L1-sci.00000314.cat 300.1820760 +22.7097721 211139.9 361.1505
bdf-L1-sci.00000315.cat 300.1819902 +22.7097674 211806.2 361.484
bdf-L1-sci.00000316.cat 300.1820228 +22.7097326 212059.1 361.5775
bdf-L1-sci.00000317.cat 300.1820541 +22.7097474 210762.6 360.9368
bdf-L1-sci.00000318.cat 300.1820564 +22.7097216 210707.2 360.8809
bdf-L1-sci.00000319.cat 300.1820576 +22.7097486 212330.1 361.4351
bdf-L1-sci.00000320.cat 300.1821213 +22.7102087 210536.3 360.4106
bdf-L1-sci.00000321.cat 300.1820625 +22.7097577 209720.3 359.6626
bdf-L1-sci.00000322.cat 300.1819918 +22.7097404 210199.8 359.9878
bdf-L1-sci.00000323.cat 300.1820909 +22.7101458 210663.1 360.3777
bdf-L1-sci.00000324.cat 300.1820649 +22.7101699 209115.5 359.3906
bdf-L1-sci.00000325.cat 300.1820352 +22.7101200 207278.4 358.0605
bdf-L1-sci.00000326.cat 300.1820321 +22.7101527 210147.8 360.2432
bdf-L1-sci.00000327.cat 300.1820666 +22.7101447 211637.9 361.1446
bdf-L1-sci.00000328.cat 300.1820809 +22.7097086 210792.2 360.5953
bdf-L1-sci.00000329.cat 300.1820388 +22.7097523 211586.9 361.1332
bdf-L1-sci.00000330.cat 300.1820509 +22.7097394 211644 361.139
bdf-L1-sci.00000331.cat 300.1820791 +22.7101152 211634 361.2651
bdf-L1-sci.00000332.cat 300.1820832 +22.7097404 211950.5 361.6638
bdf-L1-sci.00000333.cat 300.1820533 +22.7097728 212229.1 361.9488
bdf-L1-sci.00000334.cat 300.1820535 +22.7097966 212569.6 362.0765
bdf-L1-sci.00000335.cat 300.1820212 +22.7097538 212582.2 361.9631
bdf-L1-sci.00000336.cat 300.1820534 +22.7097526 211494.6 361.305
bdf-L1-sci.00000337.cat 300.1820791 +22.7097261 212511.3 361.9217
bdf-L1-sci.00000338.cat 300.1820210 +22.7097852 211338.1 361.1888
bdf-L1-sci.00000339.cat 300.1820176 +22.7097694 211662.3 361.4829
bdf-L1-sci.00000340.cat 300.1820529 +22.7097783 211825.1 361.3486
bdf-L1-sci.00000341.cat 300.1820682 +22.7101197 211600.9 361.2974
bdf-L1-sci.00000342.cat 300.1820924 +22.7097312 210978.3 360.8497
bdf-L1-sci.00000343.cat 300.1820788 +22.7096903 211789.3 361.5498
bdf-L1-sci.00000344.cat 300.1820111 +22.7097689 211194 361.2611
bdf-L1-sci.00000345.cat 300.1819537 +22.7101089 210796.7 360.7925
bdf-L1-sci.00000346.cat 300.1820280 +22.7097744 211328.5 361.2304
bdf-L1-sci.00000347.cat 300.1820635 +22.7101456 211951.4 361.7159
bdf-L1-sci.00000348.cat 300.1820918 +22.7101230 210855.4 361.2615
bdf-L1-sci.00000349.cat 300.1820991 +22.7101132 212204.6 361.7542
bdf-L1-sci.00000350.cat 300.1820700 +22.7097962 211361.4 361.5227
bdf-L1-sci.00000351.cat 300.1820245 +22.7097880 210698.6 360.9942
bdf-L1-sci.00000352.cat 300.1820775 +22.7097781 209912.8 360.4122
bdf-L1-sci.00000353.cat 300.1819830 +22.7101209 211605.4 361.8138
bdf-L1-sci.00000354.cat 300.1820337 +22.7097044 211115.8 361.2418
bdf-L1-sci.00000355.cat 300.1820616 +22.7097711 211499.3 361.4103
bdf-L1-sci.00000356.cat 300.1820539 +22.7097756 211587.1 361.513
bdf-L1-sci.00000357.cat 300.1820486 +22.7097646 211019.6 361.2351
bdf-L1-sci.00000358.cat 300.1820436 +22.7097769 212225.1 362.1489
bdf-L1-sci.00000359.cat 300.1820428 +22.7101134 211873.3 361.8279
bdf-L1-sci.00000360.cat 300.1820634 +22.7097276 211226.6 361.3004
bdf-L1-sci.00000361.cat 300.1820546 +22.7097893 213352.9 362.6944
bdf-L1-sci.00000362.cat 300.1820134 +22.7101897 211723.6 361.691
bdf-L1-sci.00000363.cat 300.1820287 +22.7097581 211854.9 361.9599
bdf-L1-sci.00000364.cat 300.1820424 +22.7097325 210889.7 360.9507
bdf-L1-sci.00000365.cat 300.1820521 +22.7097171 212196.8 362.052
bdf-L1-sci.00000366.cat 300.1820645 +22.7101527 210240.8 360.7195
bdf-L1-sci.00000367.cat 300.1820403 +22.7097655 210226.1 360.9483
bdf-L1-sci.00000368.cat 300.1820627 +22.7097707 211271.9 361.4402
bdf-L1-sci.00000369.cat 300.1819171 +22.7098554 209495.2 360.3962
bdf-L1-sci.00000370.cat 300.1820408 +22.7097817 209876.7 360.4018
bdf-L1-sci.00000371.cat 300.1821079 +22.7101332 210018.6 360.6536
bdf-L1-sci.00000372.cat 300.1820720 +22.7098002 209501.5 360.4283
bdf-L1-sci.00000373.cat 300.1820761 +22.7101286 209452.5 360.3611
bdf-L1-sci.00000374.cat 300.1820602 +22.7097309 211660.1 361.8933
bdf-L1-sci.00000375.cat 300.1820466 +22.7097750 209434.7 360.1656
bdf-L1-sci.00000376.cat 300.1820686 +22.7097958 208949.1 359.9615
bdf-L1-sci.00000377.cat 300.1820258 +22.7097665 209551.4 360.2297
bdf-L1-sci.00000378.cat 300.1820622 +22.7101655 210287.6 360.8909
bdf-L1-sci.00000379.cat 300.1820432 +22.7097608 209998.7 360.6931
bdf-L1-sci.00000380.cat 300.1821041 +22.7101593 209963.2 360.9404
bdf-L1-sci.00000381.cat 300.1820398 +22.7097932 209822 360.6428
bdf-L1-sci.00000382.cat 300.1820584 +22.7097710 209369.2 360.62
bdf-L1-sci.00000383.cat 300.1820753 +22.7101371 210892.3 361.533
bdf-L1-sci.00000384.cat 300.1820431 +22.7097436 210193.5 361.0553
bdf-L1-sci.00000385.cat 300.1820740 +22.7101628 210810.4 361.7409
bdf-L1-sci.00000386.cat 300.1820628 +22.7097309 210761.5 361.2637
bdf-L1-sci.00000387.cat 300.1820553 +22.7101488 209841.5 361.1277
bdf-L1-sci.00000388.cat 300.1820635 +22.7097506 209582.6 360.6073
bdf-L1-sci.00000389.cat 300.1820399 +22.7097940 208849.8 360.3617
bdf-L1-sci.00000390.cat 300.1820638 +22.7098214 209511.4 360.6863
bdf-L1-sci.00000391.cat 300.1820270 +22.7097863 209608.8 360.7686
bdf-L1-sci.00000392.cat 300.1820694 +22.7101191 209569.4 360.6997
bdf-L1-sci.00000393.cat 300.1820896 +22.7097824 208681.1 360.1138
bdf-L1-sci.00000394.cat 300.1820802 +22.7101081 210244.5 361.2909
bdf-L1-sci.00000395.cat 300.1820344 +22.7097493 209353.7 360.6743
bdf-L1-sci.00000396.cat 300.1820409 +22.7097437 210704.5 361.4688
bdf-L1-sci.00000397.cat 300.1820514 +22.7097503 211088.8 361.6017
bdf-L1-sci.00000398.cat 300.1820937 +22.7101297 209474.9 360.741
bdf-L1-sci.00000399.cat 300.1820262 +22.7097703 209930.5 361.4373
bdf-L1-sci.00000400.cat 300.1820853 +22.7097503 209709.5 360.9655
bdf-L1-sci.00000401.cat 300.1820874 +22.7097682 208682 360.2617
bdf-L1-sci.00000402.cat 300.1820301 +22.7097563 210621.5 361.477
bdf-L1-sci.00000403.cat 300.1820047 +22.7101280 209382 360.9247
bdf-L1-sci.00000404.cat 300.1820396 +22.7097691 210281.1 361.1821
bdf-L1-sci.00000405.cat 300.1820765 +22.7101305 210120 361.4779
bdf-L1-sci.00000406.cat 300.1820865 +22.7097765 210241.3 361.5178
bdf-L1-sci.00000407.cat 300.1820027 +22.7097782 209469.4 361.8422
bdf-L1-sci.00000408.cat 300.1820051 +22.7097898 209243 361.2559
bdf-L1-sci.00000409.cat 300.1820606 +22.7101223 207923.4 360.534
bdf-L1-sci.00000410.cat 300.1820506 +22.7098345 209045.5 361.2193
bdf-L1-sci.00000411.cat 300.1820502 +22.7098240 208590.6 360.7899
bdf-L1-sci.00000412.cat 300.1820139 +22.7097507 209789.8 361.5858
bdf-L1-sci.00000413.cat 300.1820381 +22.7097312 207817.5 360.2761
bdf-L1-sci.00000414.cat 300.1820585 +22.7097208 208845.4 360.9867
bdf-L1-sci.00000415.cat 300.1820501 +22.7101778 208073.9 360.7909
bdf-L1-sci.00000416.cat 300.1820361 +22.7101427 208254.1 361.0923
bdf-L1-sci.00000417.cat 300.1820352 +22.7097396 209339.5 361.2527
bdf-L1-sci.00000418.cat 300.1820570 +22.7097915 207566.4 360.2199
bdf-L1-sci.00000419.cat 300.1820882 +22.7101198 208040.7 360.3709
bdf-L1-sci.00000420.cat 300.1819920 +22.7098104 206750.9 359.5714
bdf-L1-sci.00000421.cat 300.1821025 +22.7097066 205503.8 358.7336
bdf-L1-sci.00000422.cat 300.1819881 +22.7097244 205023.6 358.8513
bdf-L1-sci.00000423.cat 300.1820738 +22.7097549 206580.9 360.0875
bdf-L1-sci.00000424.cat 300.1820646 +22.7097270 206886 360.426
bdf-L1-sci.00000425.cat 300.1820690 +22.7097545 206286 360.1186
bdf-L1-sci.00000426.cat 300.1820570 +22.7098233 206507.9 359.9614
bdf-L1-sci.00000427.cat 300.1820944 +22.7097908 205400.9 358.942
bdf-L1-sci.00000428.cat 300.1819635 +22.7098592 203125.6 357.8118
bdf-L1-sci.00000429.cat 300.1820783 +22.7098120 204071.2 358.3816
bdf-L1-sci.00000430.cat 300.1820421 +22.7098028 205499.3 359.4243
bdf-L1-sci.00000431.cat 300.1820934 +22.7097929 208235.6 361.2718
bdf-L1-sci.00000432.cat 300.1821342 +22.7097938 207673.4 361.0004
bdf-L1-sci.00000433.cat 300.1820692 +22.7098107 207923.6 361.1877
bdf-L1-sci.00000434.cat 300.1820892 +22.7098021 208902.4 361.7921
bdf-L1-sci.00000435.cat 300.1821106 +22.7097687 208498.2 361.1848
bdf-L1-sci.00000436.cat 300.1820988 +22.7098239 208146 360.4213
bdf-L1-sci.00000437.cat 300.1820568 +22.7098398 210500.8 362.3748
bdf-L1-sci.00000438.cat 300.1820140 +22.7097903 208179.4 360.8977
bdf-L1-sci.00000439.cat 300.1820994 +22.7098170 209577.5 361.9248
bdf-L1-sci.00000440.cat 300.1820608 +22.7098019 209045.9 361.395
bdf-L1-sci.00000441.cat 300.1820726 +22.7097945 208327.5 360.8636
bdf-L1-sci.00000442.cat 300.1820379 +22.7097979 208565.9 361.0619
bdf-L1-sci.00000443.cat 300.1820635 +22.7098095 208677 361.126
bdf-L1-sci.00000444.cat 300.1820727 +22.7097883 209927.9 362.3701
bdf-L1-sci.00000445.cat 300.1820175 +22.7098172 208622.1 361.3251
bdf-L1-sci.00000446.cat 300.1820723 +22.7097478 208151.4 360.8568
bdf-L1-sci.00000447.cat 300.1819125 +22.7098774 211121.5 363.0971
bdf-L1-sci.00000448.cat 300.1820695 +22.7098537 208691.4 361.3457
bdf-L1-sci.00000449.cat 300.1820361 +22.7098674 207333.7 360.3177
bdf-L1-sci.00000450.cat 300.1820835 +22.7098141 209239.3 361.4962
bdf-L1-sci.00000451.cat 300.1821347 +22.7098180 209696.7 362.1336
bdf-L1-sci.00000452.cat 300.1820531 +22.7098008 209663.4 362.2366
bdf-L1-sci.00000453.cat 300.1820881 +22.7098378 209735.6 362.203
bdf-L1-sci.00000454.cat 300.1821125 +22.7098007 209635.2 362.2
bdf-L1-sci.00000455.cat 300.1821196 +22.7098970 210023.8 362.3275
bdf-L1-sci.00000456.cat 300.1820632 +22.7098226 209084.1 361.6857
bdf-L1-sci.00000457.cat 300.1820757 +22.7097876 207965.8 361.072
bdf-L1-sci.00000458.cat 300.1820766 +22.7097875 211678.2 363.6796
bdf-L1-sci.00000459.cat 300.1820499 +22.7098413 207883.7 360.9288
bdf-L1-sci.00000460.cat 300.1820440 +22.7097923 207738.6 361.2358
bdf-L1-sci.00000461.cat 300.1820280 +22.7097713 208938.7 362.1298
bdf-L1-sci.00000462.cat 300.1820946 +22.7098618 207248.9 361.227
bdf-L1-sci.00000463.cat 300.1822001 +22.7097601 205460.3 360.3118
bdf-L1-sci.00000464.cat 300.1820718 +22.7101476 208702.8 362.4176
bdf-L1-sci.00000465.cat 300.1820964 +22.7098057 208896.5 362.7773
bdf-L1-sci.00000466.cat 300.1820775 +22.7098075 208270.2 362.1688
bdf-L1-sci.00000467.cat 300.1821283 +22.7097932 208189 362.3589
bdf-L1-sci.00000468.cat 300.1820882 +22.7098081 207203.4 361.6179
bdf-L1-sci.00000469.cat 300.1820619 +22.7097488 206794.3 361.7547
bdf-L1-sci.00000470.cat 300.1820765 +22.7097911 206193.8 361.2107
bdf-L1-sci.00000471.cat 300.1820986 +22.7097689 203668.8 359.9365
bdf-L1-sci.00000472.cat 300.1820921 +22.7097859 204291.5 360.0886
bdf-L1-sci.00000473.cat 300.1820947 +22.7097679 203779.9 359.7825
bdf-L1-sci.00000474.cat 300.1820778 +22.7097845 203564.7 359.7702
bdf-L1-sci.00000475.cat 300.1820571 +22.7098276 199296.2 357.0818
bdf-L1-sci.00000476.cat 300.1820975 +22.7098242 201437 358.3263
bdf-L1-sci.00000477.cat 300.1820449 +22.7097885 199461.9 357.2865
bdf-L1-sci.00000478.cat 300.1820418 +22.7098453 200817.5 357.8403
bdf-L1-sci.00000479.cat 300.1821157 +22.7097785 202923.8 359.3995
bdf-L1-sci.00000480.cat 300.1820654 +22.7098401 200098.6 357.4781
bdf-L1-sci.00000481.cat 300.1820488 +22.7098097 203046 359.1296
bdf-L1-sci.00000482.cat 300.1820806 +22.7098099 202933.6 359.7058
bdf-L1-sci.00000483.cat 300.1820975 +22.7097619 204990 360.6218
bdf-L1-sci.00000484.cat 300.1820564 +22.7098228 204116.9 360.2067
bdf-L1-sci.00000485.cat 300.1819813 +22.7098349 203452 358.2905
bdf-L1-sci.00000486.cat 300.1820918 +22.7097806 206348.2 360.3063
bdf-L1-sci.00000487.cat 300.1820966 +22.7097908 205557.7 360.0003
bdf-L1-sci.00000488.cat 300.1820483 +22.7098346 206060.6 360.545
bdf-L1-sci.00000489.cat 300.1820847 +22.7098055 205004.6 359.7531
bdf-L1-sci.00000490.cat 300.1820937 +22.7098030 205073 360.0325
bdf-L1-sci.00000491.cat 300.1820482 +22.7098269 205376.2 360.0042
bdf-L1-sci.00000492.cat 300.1820931 +22.7098022 206785.8 360.7589
bdf-L1-sci.00000493.cat 300.1820795 +22.7098714 204839.7 359.8708
bdf-L1-sci.00000494.cat 300.1820605 +22.7097985 206157.5 360.5742
bdf-L1-sci.00000495.cat 300.1820616 +22.7097970 203963.2 358.9098
bdf-L1-sci.00000496.cat 300.1820680 +22.7097897 205526.9 360.4496
bdf-L1-sci.00000497.cat 300.1820740 +22.7098369 204740.1 359.914
bdf-L1-sci.00000498.cat 300.1820627 +22.7098290 204300.9 359.2411
bdf-L1-sci.00000499.cat 300.1820393 +22.7098006 205820.5 360.6422
bdf-L1-sci.00000500.cat 300.1820773 +22.7097719 205543.5 360.2188
bdf-L1-sci.00000501.cat 300.1820757 +22.7098077 206641.8 361.1068
bdf-L1-sci.00000502.cat 300.1820721 +22.7097852 204157.3 359.5476
bdf-L1-sci.00000503.cat 300.1820244 +22.7098463 203857 358.9009
bdf-L1-sci.00000504.cat 300.1821208 +22.7097906 205058.6 359.8188
bdf-L1-sci.00000505.cat 300.1820129 +22.7098226 203452.2 358.8398
bdf-L1-sci.00000506.cat 300.1820671 +22.7098036 203578.5 358.6755
bdf-L1-sci.00000507.cat 300.1820412 +22.7098441 205181.9 359.8504
bdf-L1-sci.00000508.cat 300.1820762 +22.7097943 203399 358.4989
bdf-L1-sci.00000509.cat 300.1820981 +22.7097803 205896.9 360.3612
bdf-L1-sci.00000510.cat 300.1820776 +22.7098201 205152.9 359.7759
bdf-L1-sci.00000511.cat 300.1820447 +22.7097894 203971.7 358.4543
bdf-L1-sci.00000512.cat 300.1820711 +22.7097933 203436.8 358.1649
bdf-L1-sci.00000513.cat 300.1819970 +22.7097818 203308.5 357.838
bdf-L1-sci.00000514.cat 300.1821023 +22.7098166 202125.7 357.331
bdf-L1-sci.00000515.cat 300.1820631 +22.7098249 204245.8 358.8091
bdf-L1-sci.00000516.cat 300.1820323 +22.7098039 202582.4 357.7518
bdf-L1-sci.00000517.cat 300.1820945 +22.7097868 202909 358.1724
bdf-L1-sci.00000518.cat 300.1820753 +22.7098225 203144.4 358.5541
bdf-L1-sci.00000519.cat 300.1819766 +22.7097950 202299.2 358.2068
bdf-L1-sci.00000520.cat 300.1821017 +22.7098034 203877.4 359.2596
bdf-L1-sci.00000521.cat 300.1820725 +22.7098231 203224.2 358.6241
bdf-L1-sci.00000522.cat 300.1820050 +22.7098359 201032 356.6493
bdf-L1-sci.00000523.cat 300.1820579 +22.7098248 202619.1 357.8303
bdf-L1-sci.00000524.cat 300.1822023 +22.7097888 201983.2 357.7415
bdf-L1-sci.00000525.cat 300.1820858 +22.7097904 200431.6 356.29
bdf-L1-sci.00000526.cat 300.1820531 +22.7097795 200807.3 356.8049
bdf-L1-sci.00000527.cat 300.1821211 +22.7097754 202910.8 358.2338
bdf-L1-sci.00000528.cat 300.1821006 +22.7097958 201693.3 357.3118
bdf-L1-sci.00000529.cat 300.1821101 +22.7098052 201601.8 357.2321
bdf-L1-sci.00000530.cat 300.1821145 +22.7097913 202921.2 358.3327
bdf-L1-sci.00000531.cat 300.1821012 +22.7097932 202502.9 357.865
bdf-L1-sci.00000532.cat 300.1820718 +22.7098178 200959.1 356.7238
bdf-L1-sci.00000533.cat 300.1820757 +22.7097802 201436.8 357.0563
bdf-L1-sci.00000534.cat 300.1821343 +22.7097865 201932.4 357.6474
bdf-L1-sci.00000535.cat 300.1821269 +22.7098022 200772.8 356.9837
bdf-L1-sci.00000536.cat 300.1821275 +22.7097770 199874.1 356.3017
bdf-L1-sci.00000538.cat 300.1820753 +22.7098201 199237 355.3102
bdf-L1-sci.00000539.cat 300.1821475 +22.7098261 201184.5 356.7294
bdf-L1-sci.00000540.cat 300.1820854 +22.7098330 200842.4 356.3522
bdf-L1-sci.00000541.cat 300.1822321 +22.7097089 202623.7 357.6672
bdf-L1-sci.00000542.cat 300.1820156 +22.7098101 201629.8 356.843
bdf-L1-sci.00000543.cat 300.1821100 +22.7098043 202578.3 357.7081
bdf-L1-sci.00000544.cat 300.1822515 +22.7097392 198194.7 355.1031
bdf-L1-sci.00000545.cat 300.1820933 +22.7097960 196005.7 353.6069
bdf-L1-sci.00000546.cat 300.1820813 +22.7097785 133109.9 309.2808
bdf-L1-sci.00000547.cat 300.1820485 +22.7097608 87377.83 272.9694
bdf-L1-sci.00000548.cat 300.1821132 +22.7097787 57290.8 242.8318
bdf-L1-sci.00000549.cat 300.1821075 +22.7099188 51262.72 237.5893
bdf-L1-sci.00000561.cat 300.1821252 +22.7097846 145283.1 319.3477
bdf-L1-sci.00000562.cat 300.1820838 +22.7097734 196410.2 354.0532
bdf-L1-sci.00000563.cat 300.1819707 +22.7097916 200126.4 356.4346
bdf-L1-sci.00000564.cat 300.1820730 +22.7097713 197222.9 354.4734
bdf-L1-sci.00000566.cat 300.1820947 +22.7098099 191043.2 349.9668
bdf-L1-sci.00000567.cat 300.1821191 +22.7097872 199276.8 355.5613
bdf-L1-sci.00000568.cat 300.1821002 +22.7097989 201403.2 357.1218
bdf-L1-sci.00000569.cat 300.1820632 +22.7097607 198644.2 355.201
bdf-L1-sci.00000570.cat 300.1820804 +22.7097690 199142.1 355.571
bdf-L1-sci.00000571.cat 300.1820395 +22.7097842 199545.2 355.9568
bdf-L1-sci.00000572.cat 300.1820912 +22.7097823 200778 356.559
bdf-L1-sci.00000573.cat 300.1820886 +22.7097937 200481.9 356.4241
bdf-L1-sci.00000574.cat 300.1820575 +22.7097985 195673.3 352.9033
bdf-L1-sci.00000575.cat 300.1820770 +22.7097792 200009.7 356.0896
bdf-L1-sci.00000576.cat 300.1820955 +22.7098183 197274.8 354.3755
bdf-L1-sci.00000577.cat 300.1820906 +22.7097820 197833.1 354.6529
bdf-L1-sci.00000578.cat 300.1821027 +22.7097809 198717.9 355.3146
bdf-L1-sci.00000579.cat 300.1820881 +22.7097802 200456.6 356.6623
bdf-L1-sci.00000580.cat 300.1822249 +22.7098097 199922.7 356.2225
bdf-L1-sci.00000581.cat 300.1821087 +22.7098061 199985.9 356.2313
bdf-L1-sci.00000582.cat 300.1820521 +22.7097827 198929.6 355.6599
bdf-L1-sci.00000583.cat 300.1820613 +22.7098135 200177 356.3398
bdf-L1-sci.00000584.cat 300.1820429 +22.7098323 199050.6 355.7581
bdf-L1-sci.00000585.cat 300.1821715 +22.7098669 200130.2 356.3256
bdf-L1-sci.00000586.cat 300.1820409 +22.7101357 198222.5 355.0372
bdf-L1-sci.00000587.cat 300.1820616 +22.7098142 198948.6 355.561
bdf-L1-sci.00000588.cat 300.1820689 +22.7097989 198885 355.7077
bdf-L1-sci.00000589.cat 300.1820584 +22.7098258 199731.6 356.1958
bdf-L1-sci.00000590.cat 300.1820451 +22.7098207 200213.8 356.58
bdf-L1-sci.00000591.cat 300.1820721 +22.7098222 199902.5 356.263
bdf-L1-sci.00000592.cat 300.1820698 +22.7098372 200862.2 356.966
bdf-L1-sci.00000593.cat 300.1820676 +22.7097720 200023.8 356.5133
bdf-L1-sci.00000594.cat 300.1821435 +22.7098417 199279.1 355.9277
